# Point ID, X, Y, Z
0 0.000000 0.000000 35.355031
1 50.000000 0.000000 39.715810
2 100.000000 0.000000 43.776631
3 150.000000 0.000000 47.515639
4 200.000000 0.000000 50.910979
5 250.000000 0.000000 53.940794
6 300.000000 0.000000 56.583229
7 350.000000 0.000000 58.816428
8 400.000000 0.000000 60.618534
9 450.000000 0.000000 61.967693
10 500.000000 0.000000 62.842047
11 550.000000 0.000000 63.219742
12 600.000000 0.000000 63.078922
13 650.000000 0.000000 62.397729
14 700.000000 0.000000 61.154310
15 750.000000 0.000000 59.336951
16 800.000000 0.000000 56.989638
17 850.000000 0.000000 53.969469
18 900.000000 0.000000 50.379091
19 950.000000 0.000000 46.332151
20 1000.000000 0.000000 41.942292
21 1050.000000 0.000000 37.323162
22 1100.000000 0.000000 32.588403
23 1150.000000 0.000000 27.851663
24 1200.000000 0.000000 23.226586
25 1250.000000 0.000000 18.826817
26 1300.000000 0.000000 14.766001
27 1350.000000 0.000000 11.157784
28 1400.000000 0.000000 8.115811
29 1450.000000 0.000000 5.753727
30 1500.000000 0.000000 4.187472
31 1550.000000 0.000000 3.374339
32 1600.000000 0.000000 3.218335
33 1650.000000 0.000000 3.657597
34 1700.000000 0.000000 4.619482
35 1750.000000 0.000000 6.031341
36 1800.000000 0.000000 7.820532
37 1850.000000 0.000000 9.914406
38 1900.000000 0.000000 12.240319
39 1950.000000 0.000000 14.725625
40 2000.000000 0.000000 17.297678
41 2050.000000 0.000000 19.883833
42 2100.000000 0.000000 22.411443
43 2150.000000 0.000000 24.807863
44 2200.000000 0.000000 27.000448
45 2250.000000 0.000000 28.916551
46 2300.000000 0.000000 30.483527
47 2350.000000 0.000000 31.628730
48 2400.000000 0.000000 32.275724
49 2450.000000 0.000000 32.290678
50 2500.000000 0.000000 31.758801
51 2550.000000 0.000000 30.710556
52 2600.000000 0.000000 29.173098
53 2650.000000 0.000000 27.173582
54 2700.000000 0.000000 24.739164
55 2750.000000 0.000000 21.896999
56 2800.000000 0.000000 18.674243
57 2850.000000 0.000000 15.098052
58 2900.000000 0.000000 11.195580
59 2950.000000 0.000000 6.993984
60 0.000000 50.000000 34.471283
61 50.000000 50.000000 38.748208
62 100.000000 50.000000 42.711590
63 150.000000 50.000000 46.339573
64 200.000000 50.000000 49.610301
65 250.000000 50.000000 52.501919
66 300.000000 50.000000 54.992571
67 350.000000 50.000000 57.060400
68 400.000000 50.000000 58.683550
69 450.000000 50.000000 59.840167
70 500.000000 50.000000 60.508394
71 550.000000 50.000000 60.666375
72 600.000000 50.000000 60.292254
73 650.000000 50.000000 59.356592
74 700.000000 50.000000 57.891062
75 750.000000 50.000000 56.114481
76 800.000000 50.000000 53.934543
77 850.000000 50.000000 51.445640
78 900.000000 50.000000 48.335861
79 950.000000 50.000000 44.731126
80 1000.000000 50.000000 40.745079
81 1050.000000 50.000000 36.491366
82 1100.000000 50.000000 32.083633
83 1150.000000 50.000000 27.635523
84 1200.000000 50.000000 23.260683
85 1250.000000 50.000000 19.072757
86 1300.000000 50.000000 15.185392
87 1350.000000 50.000000 11.712231
88 1400.000000 50.000000 8.766920
89 1450.000000 50.000000 6.463105
90 1500.000000 50.000000 4.992328
91 1550.000000 50.000000 4.361629
92 1600.000000 50.000000 3.960121
93 1650.000000 50.000000 4.226288
94 1700.000000 50.000000 5.044528
95 1750.000000 50.000000 6.342194
96 1800.000000 50.000000 8.046642
97 1850.000000 50.000000 10.085225
98 1900.000000 50.000000 12.385298
99 1950.000000 50.000000 14.874214
100 2000.000000 50.000000 17.479328
101 2050.000000 50.000000 20.127995
102 2100.000000 50.000000 22.747569
103 2150.000000 50.000000 25.265404
104 2200.000000 50.000000 27.608854
105 2250.000000 50.000000 29.705273
106 2300.000000 50.000000 31.482016
107 2350.000000 50.000000 32.866437
108 2400.000000 50.000000 33.657013
109 2450.000000 50.000000 33.644382
110 2500.000000 50.000000 32.987667
111 2550.000000 50.000000 31.825958
112 2600.000000 50.000000 30.186411
113 2650.000000 50.000000 28.096182
114 2700.000000 50.000000 25.582427
115 2750.000000 50.000000 22.672302
116 2800.000000 50.000000 19.392961
117 2850.000000 50.000000 15.771560
118 2900.000000 50.000000 11.835256
119 2950.000000 50.000000 7.611202
120 0.000000 100.000000 33.364239
121 50.000000 100.000000 37.551306
122 100.000000 100.000000 41.411245
123 150.000000 100.000000 44.922198
124 200.000000 100.000000 48.062311
125 250.000000 100.000000 50.809727
126 300.000000 100.000000 53.142590
127 350.000000 100.000000 55.039045
128 400.000000 100.000000 56.477236
129 450.000000 100.000000 57.435306
130 500.000000 100.000000 57.890042
131 550.000000 100.000000 57.807774
132 600.000000 100.000000 57.158023
133 650.000000 100.000000 56.059114
134 700.000000 100.000000 54.824326
135 750.000000 100.000000 53.041425
136 800.000000 100.000000 50.625628
137 850.000000 100.000000 48.534446
138 900.000000 100.000000 45.936970
139 950.000000 100.000000 42.778145
140 1000.000000 100.000000 39.199616
141 1050.000000 100.000000 35.315026
142 1100.000000 100.000000 31.238022
143 1150.000000 100.000000 27.082248
144 1200.000000 100.000000 22.961351
145 1250.000000 100.000000 18.988974
146 1300.000000 100.000000 15.278763
147 1350.000000 100.000000 11.944364
148 1400.000000 100.000000 9.099421
149 1450.000000 100.000000 6.880419
150 1500.000000 100.000000 5.578545
151 1550.000000 100.000000 5.361198
152 1600.000000 100.000000 5.092728
153 1650.000000 100.000000 5.078458
154 1700.000000 100.000000 5.733551
155 1750.000000 100.000000 6.909965
156 1800.000000 100.000000 8.522611
157 1850.000000 100.000000 10.498843
158 1900.000000 100.000000 12.766016
159 1950.000000 100.000000 15.251483
160 2000.000000 100.000000 17.882600
161 2050.000000 100.000000 20.586720
162 2100.000000 100.000000 23.291198
163 2150.000000 100.000000 25.923388
164 2200.000000 100.000000 28.410644
165 2250.000000 100.000000 30.680320
166 2300.000000 100.000000 32.659772
167 2350.000000 100.000000 34.206495
168 2400.000000 100.000000 35.049752
169 2450.000000 100.000000 35.083610
170 2500.000000 100.000000 34.376355
171 2550.000000 100.000000 33.109442
172 2600.000000 100.000000 31.376068
173 2650.000000 100.000000 29.203387
174 2700.000000 100.000000 26.618557
175 2750.000000 100.000000 23.648732
176 2800.000000 100.000000 20.321067
177 2850.000000 100.000000 16.662719
178 2900.000000 100.000000 12.700843
179 2950.000000 100.000000 8.462593
180 0.000000 150.000000 32.065953
181 50.000000 150.000000 36.157158
182 100.000000 150.000000 39.907648
183 150.000000 150.000000 43.295568
184 200.000000 150.000000 46.299060
185 250.000000 150.000000 48.896270
186 300.000000 150.000000 51.065340
187 350.000000 150.000000 52.784417
188 400.000000 150.000000 54.026463
189 450.000000 150.000000 54.758878
190 500.000000 150.000000 54.952559
191 550.000000 150.000000 54.578413
192 600.000000 150.000000 53.867033
193 650.000000 150.000000 53.072127
194 700.000000 150.000000 51.918686
195 750.000000 150.000000 50.110665
196 800.000000 150.000000 47.616953
197 850.000000 150.000000 45.184281
198 900.000000 150.000000 43.156921
199 950.000000 150.000000 40.493548
200 1000.000000 150.000000 37.328438
201 1050.000000 150.000000 33.816677
202 1100.000000 150.000000 30.074108
203 1150.000000 150.000000 26.214375
204 1200.000000 150.000000 22.351125
205 1250.000000 150.000000 18.598002
206 1300.000000 150.000000 15.068651
207 1350.000000 150.000000 11.876718
208 1400.000000 150.000000 9.137808
209 1450.000000 150.000000 7.080393
210 1500.000000 150.000000 5.949115
211 1550.000000 150.000000 5.916935
212 1600.000000 150.000000 6.460508
213 1650.000000 150.000000 6.364331
214 1700.000000 150.000000 6.716079
215 1750.000000 150.000000 7.713618
216 1800.000000 150.000000 9.226356
217 1850.000000 150.000000 11.133178
218 1900.000000 150.000000 13.360392
219 1950.000000 150.000000 15.835352
220 2000.000000 150.000000 18.485412
221 2050.000000 150.000000 21.237926
222 2100.000000 150.000000 24.020248
223 2150.000000 150.000000 26.759734
224 2200.000000 150.000000 29.383737
225 2250.000000 150.000000 31.819611
226 2300.000000 150.000000 33.962435
227 2350.000000 150.000000 35.567630
228 2400.000000 150.000000 36.463478
229 2450.000000 150.000000 36.543826
230 2500.000000 150.000000 35.870079
231 2550.000000 150.000000 34.541022
232 2600.000000 150.000000 32.722081
233 2650.000000 150.000000 30.475211
234 2700.000000 150.000000 27.827566
235 2750.000000 150.000000 24.806302
236 2800.000000 150.000000 21.438575
237 2850.000000 150.000000 17.751541
238 2900.000000 150.000000 13.772353
239 2950.000000 150.000000 9.528170
240 0.000000 200.000000 30.608477
241 50.000000 200.000000 34.597816
242 100.000000 200.000000 38.232854
243 150.000000 200.000000 41.491734
244 200.000000 200.000000 44.352602
245 250.000000 200.000000 46.792821
246 300.000000 200.000000 48.782100
247 350.000000 200.000000 50.290488
248 400.000000 200.000000 51.288892
249 450.000000 200.000000 51.748218
250 500.000000 200.000000 51.652623
251 550.000000 200.000000 51.335898
252 600.000000 200.000000 50.932454
253 650.000000 200.000000 50.327785
254 700.000000 200.000000 49.148229
255 750.000000 200.000000 47.315089
256 800.000000 200.000000 44.794420
257 850.000000 200.000000 41.951858
258 900.000000 200.000000 39.935403
259 950.000000 200.000000 37.835703
260 1000.000000 200.000000 35.145544
261 1050.000000 200.000000 32.018854
262 1100.000000 200.000000 28.614425
263 1150.000000 200.000000 25.054439
264 1200.000000 200.000000 21.452541
265 1250.000000 200.000000 17.922377
266 1300.000000 200.000000 14.577592
267 1350.000000 200.000000 11.531831
268 1400.000000 200.000000 8.946042
269 1450.000000 200.000000 7.069730
270 1500.000000 200.000000 6.107035
271 1550.000000 200.000000 6.247831
272 1600.000000 200.000000 7.315029
273 1650.000000 200.000000 8.031530
274 1700.000000 200.000000 8.143942
275 1750.000000 200.000000 8.840607
276 1800.000000 200.000000 10.153622
277 1850.000000 200.000000 11.966149
278 1900.000000 200.000000 14.146345
279 1950.000000 200.000000 16.603737
280 2000.000000 200.000000 19.265681
281 2050.000000 200.000000 22.059529
282 2100.000000 200.000000 24.912638
283 2150.000000 200.000000 27.752360
284 2200.000000 200.000000 30.506051
285 2250.000000 200.000000 33.089745
286 2300.000000 200.000000 35.300270
287 2350.000000 200.000000 36.959292
288 2400.000000 200.000000 37.907733
289 2450.000000 200.000000 38.034571
290 2500.000000 200.000000 37.396346
291 2550.000000 200.000000 36.085318
292 2600.000000 200.000000 34.204463
293 2650.000000 200.000000 31.891664
294 2700.000000 200.000000 29.189466
295 2750.000000 200.000000 26.125025
296 2800.000000 200.000000 22.725497
297 2850.000000 200.000000 19.018037
298 2900.000000 200.000000 15.029801
299 2950.000000 200.000000 10.787943
300 0.000000 250.000000 29.023864
301 50.000000 250.000000 32.905332
302 100.000000 250.000000 36.418913
303 150.000000 250.000000 39.539742
304 200.000000 250.000000 42.237534
305 250.000000 250.000000 44.483186
306 300.000000 250.000000 46.247603
307 350.000000 250.000000 47.501691
308 400.000000 250.000000 48.216357
309 450.000000 250.000000 48.420486
310 500.000000 250.000000 48.486789
311 550.000000 250.000000 48.463052
312 600.000000 250.000000 48.309069
313 650.000000 250.000000 47.711540
314 700.000000 250.000000 46.505840
315 750.000000 250.000000 44.647581
316 800.000000 250.000000 42.099956
317 850.000000 250.000000 39.041834
318 900.000000 250.000000 36.494804
319 950.000000 250.000000 34.762413
320 1000.000000 250.000000 32.604529
321 1050.000000 250.000000 29.926677
322 1100.000000 250.000000 26.881503
323 1150.000000 250.000000 23.624976
324 1200.000000 250.000000 20.288136
325 1250.000000 250.000000 16.984636
326 1300.000000 250.000000 13.828122
327 1350.000000 250.000000 10.944209
328 1400.000000 250.000000 8.548647
329 1450.000000 250.000000 6.851424
330 1500.000000 250.000000 6.055297
331 1550.000000 250.000000 6.367056
332 1600.000000 250.000000 7.691151
333 1650.000000 250.000000 9.253112
334 1700.000000 250.000000 10.038819
335 1750.000000 250.000000 10.399065
336 1800.000000 250.000000 11.419544
337 1850.000000 250.000000 13.026935
338 1900.000000 250.000000 15.105108
339 1950.000000 250.000000 17.534557
340 2000.000000 250.000000 20.201325
341 2050.000000 250.000000 23.029450
342 2100.000000 250.000000 25.946285
343 2150.000000 250.000000 28.879185
344 2200.000000 250.000000 31.753332
345 2250.000000 250.000000 34.412583
346 2300.000000 250.000000 36.678173
347 2350.000000 250.000000 38.391023
348 2400.000000 250.000000 39.392055
349 2450.000000 250.000000 39.565383
350 2500.000000 250.000000 38.962681
351 2550.000000 250.000000 37.676208
352 2600.000000 250.000000 35.798225
353 2650.000000 250.000000 33.432759
354 2700.000000 250.000000 30.684269
355 2750.000000 250.000000 27.584913
356 2800.000000 250.000000 24.161845
357 2850.000000 250.000000 20.442221
358 2900.000000 250.000000 16.453238
359 2950.000000 250.000000 12.229653
360 0.000000 300.000000 27.343857
361 50.000000 300.000000 31.105752
362 100.000000 300.000000 34.473350
363 150.000000 300.000000 37.417555
364 200.000000 300.000000 39.909275
365 250.000000 300.000000 41.919417
366 300.000000 300.000000 43.418885
367 350.000000 300.000000 44.378587
368 400.000000 300.000000 44.903209
369 450.000000 300.000000 45.340783
370 500.000000 300.000000 45.684998
371 550.000000 300.000000 45.906810
372 600.000000 300.000000 45.840947
373 650.000000 300.000000 45.216248
374 700.000000 300.000000 43.984403
375 750.000000 300.000000 42.101025
376 800.000000 300.000000 39.526444
377 850.000000 300.000000 36.401840
378 900.000000 300.000000 33.382493
379 950.000000 300.000000 31.282406
380 1000.000000 300.000000 29.674110
381 1050.000000 300.000000 27.497134
382 1100.000000 300.000000 24.870683
383 1150.000000 300.000000 21.947401
384 1200.000000 300.000000 18.880445
385 1250.000000 300.000000 15.807315
386 1300.000000 300.000000 12.843614
387 1350.000000 300.000000 10.154587
388 1400.000000 300.000000 7.948620
389 1450.000000 300.000000 6.428471
390 1500.000000 300.000000 5.796898
391 1550.000000 300.000000 6.277605
392 1600.000000 300.000000 7.791956
393 1650.000000 300.000000 9.949160
394 1700.000000 300.000000 11.624677
395 1750.000000 300.000000 12.446929
396 1800.000000 300.000000 13.097203
397 1850.000000 300.000000 14.420396
398 1900.000000 300.000000 16.301060
399 1950.000000 300.000000 18.623067
400 2000.000000 300.000000 21.270289
401 2050.000000 300.000000 24.125605
402 2100.000000 300.000000 27.099107
403 2150.000000 300.000000 30.118108
404 2200.000000 300.000000 33.069477
405 2250.000000 300.000000 35.785028
406 2300.000000 300.000000 38.105683
407 2350.000000 300.000000 39.872362
408 2400.000000 300.000000 40.925985
409 2450.000000 300.000000 41.145803
410 2500.000000 300.000000 40.578624
411 2550.000000 300.000000 39.316707
412 2600.000000 300.000000 37.452311
413 2650.000000 300.000000 35.077697
414 2700.000000 300.000000 32.291989
415 2750.000000 300.000000 29.165977
416 2800.000000 300.000000 25.727631
417 2850.000000 300.000000 22.006561
418 2900.000000 300.000000 18.044801
419 2950.000000 300.000000 13.887578
420 0.000000 350.000000 25.570129
421 50.000000 350.000000 29.174179
422 100.000000 350.000000 32.354493
423 150.000000 350.000000 35.081977
424 200.000000 350.000000 37.327538
425 250.000000 350.000000 39.062082
426 300.000000 350.000000 40.256515
427 350.000000 350.000000 41.121871
428 400.000000 350.000000 41.918961
429 450.000000 350.000000 42.619371
430 500.000000 350.000000 43.194058
431 550.000000 350.000000 43.576797
432 600.000000 350.000000 43.486663
433 650.000000 350.000000 42.834794
434 700.000000 350.000000 41.576805
435 750.000000 350.000000 39.668308
436 800.000000 350.000000 37.066771
437 850.000000 350.000000 33.910511
438 900.000000 350.000000 30.575699
439 950.000000 350.000000 27.963209
440 1000.000000 350.000000 26.329576
441 1050.000000 350.000000 24.704229
442 1100.000000 350.000000 22.547255
443 1150.000000 350.000000 20.011298
444 1200.000000 350.000000 17.249002
445 1250.000000 350.000000 14.412948
446 1300.000000 350.000000 11.656267
447 1350.000000 350.000000 9.167341
448 1400.000000 350.000000 7.148954
449 1450.000000 350.000000 5.803865
450 1500.000000 350.000000 5.334831
451 1550.000000 350.000000 5.982471
452 1600.000000 350.000000 7.685064
453 1650.000000 350.000000 10.188408
454 1700.000000 350.000000 12.645635
455 1750.000000 350.000000 14.394280
456 1800.000000 350.000000 15.245212
457 1850.000000 350.000000 16.205859
458 1900.000000 350.000000 17.810665
459 1950.000000 350.000000 19.943501
460 2000.000000 350.000000 22.488240
461 2050.000000 350.000000 25.328754
462 2100.000000 350.000000 28.349023
463 2150.000000 350.000000 31.435862
464 2200.000000 350.000000 34.444769
465 2250.000000 350.000000 37.216621
466 2300.000000 350.000000 39.592341
467 2350.000000 350.000000 41.412848
468 2400.000000 350.000000 42.519063
469 2450.000000 350.000000 42.785371
470 2500.000000 350.000000 42.253714
471 2550.000000 350.000000 41.016352
472 2600.000000 350.000000 39.165545
473 2650.000000 350.000000 36.793552
474 2700.000000 350.000000 33.992632
475 2750.000000 350.000000 30.848590
476 2800.000000 350.000000 27.412876
477 2850.000000 350.000000 23.730292
478 2900.000000 350.000000 19.846025
479 2950.000000 350.000000 15.805259
480 0.000000 400.000000 23.663838
481 50.000000 400.000000 27.069956
482 100.000000 400.000000 30.022900
483 150.000000 400.000000 32.493576
484 200.000000 400.000000 34.452891
485 250.000000 400.000000 35.881740
486 300.000000 400.000000 37.097550
487 350.000000 400.000000 38.242401
488 400.000000 400.000000 39.287251
489 450.000000 400.000000 40.203058
490 500.000000 400.000000 40.959437
491 550.000000 400.000000 41.357430
492 600.000000 400.000000 41.239102
493 650.000000 400.000000 40.560064
494 700.000000 400.000000 39.275930
495 750.000000 400.000000 37.342313
496 800.000000 400.000000 34.713821
497 850.000000 400.000000 31.525906
498 900.000000 400.000000 28.026792
499 950.000000 400.000000 24.980281
500 1000.000000 400.000000 22.815904
501 1050.000000 400.000000 21.523250
502 1100.000000 400.000000 19.886507
503 1150.000000 400.000000 17.788628
504 1200.000000 400.000000 15.382258
505 1250.000000 400.000000 12.820041
506 1300.000000 400.000000 10.276305
507 1350.000000 400.000000 7.985466
508 1400.000000 400.000000 6.152645
509 1450.000000 400.000000 4.980601
510 1500.000000 400.000000 4.672091
511 1550.000000 400.000000 5.484650
512 1600.000000 400.000000 7.373471
513 1650.000000 400.000000 10.087802
514 1700.000000 400.000000 13.170426
515 1750.000000 400.000000 15.737364
516 1800.000000 400.000000 17.526472
517 1850.000000 400.000000 18.441940
518 1900.000000 400.000000 19.692539
519 1950.000000 400.000000 21.557855
520 2000.000000 400.000000 23.921762
521 2050.000000 400.000000 26.668132
522 2100.000000 400.000000 29.680837
523 2150.000000 400.000000 32.822304
524 2200.000000 400.000000 35.888748
525 2250.000000 400.000000 38.716902
526 2300.000000 400.000000 41.147686
527 2350.000000 400.000000 43.022021
528 2400.000000 400.000000 44.180828
529 2450.000000 400.000000 44.493626
530 2500.000000 400.000000 43.997492
531 2550.000000 400.000000 42.784686
532 2600.000000 400.000000 40.947467
533 2650.000000 400.000000 38.578095
534 2700.000000 400.000000 35.769318
535 2750.000000 400.000000 32.636352
536 2800.000000 400.000000 29.250297
537 2850.000000 400.000000 25.656338
538 2900.000000 400.000000 21.899660
539 2950.000000 400.000000 18.025448
540 0.000000 450.000000 21.585553
541 50.000000 450.000000 24.753652
542 100.000000 450.000000 27.439139
543 150.000000 450.000000 29.612921
544 200.000000 450.000000 31.296189
545 250.000000 450.000000 32.851325
546 300.000000 450.000000 34.332181
547 350.000000 450.000000 35.709716
548 400.000000 450.000000 36.954888
549 450.000000 450.000000 38.038654
550 500.000000 450.000000 38.868899
551 550.000000 450.000000 39.237673
552 600.000000 450.000000 39.091149
553 650.000000 450.000000 38.384942
554 700.000000 450.000000 37.074663
555 750.000000 450.000000 35.115928
556 800.000000 450.000000 32.460479
557 850.000000 450.000000 29.240909
558 900.000000 450.000000 25.684106
559 950.000000 450.000000 22.285989
560 1000.000000 450.000000 19.652244
561 1050.000000 450.000000 17.972501
562 1100.000000 450.000000 16.863726
563 1150.000000 450.000000 15.254680
564 1200.000000 450.000000 13.254989
565 1250.000000 450.000000 11.017300
566 1300.000000 450.000000 8.706723
567 1350.000000 450.000000 6.611955
568 1400.000000 450.000000 4.962685
569 1450.000000 450.000000 3.961672
570 1500.000000 450.000000 3.811673
571 1550.000000 450.000000 4.787136
572 1600.000000 450.000000 6.860170
573 1650.000000 450.000000 9.780023
574 1700.000000 450.000000 13.267780
575 1750.000000 450.000000 16.544913
576 1800.000000 450.000000 19.188899
577 1850.000000 450.000000 20.985810
578 1900.000000 450.000000 22.005296
579 1950.000000 450.000000 23.524744
580 2000.000000 450.000000 25.629470
581 2050.000000 450.000000 28.203346
582 2100.000000 450.000000 31.130246
583 2150.000000 450.000000 34.286973
584 2200.000000 450.000000 37.410955
585 2250.000000 450.000000 40.295409
586 2300.000000 450.000000 42.781258
587 2350.000000 450.000000 44.709421
588 2400.000000 450.000000 45.920820
589 2450.000000 450.000000 46.280108
590 2500.000000 450.000000 45.819496
591 2550.000000 450.000000 44.631246
592 2600.000000 450.000000 42.807615
593 2650.000000 450.000000 40.440864
594 2700.000000 450.000000 37.641161
595 2750.000000 450.000000 34.568986
596 2800.000000 450.000000 31.282687
597 2850.000000 450.000000 27.827448
598 2900.000000 450.000000 24.248455
599 2950.000000 450.000000 20.584720
600 0.000000 500.000000 19.295843
601 50.000000 500.000000 22.185836
602 100.000000 500.000000 24.563779
603 150.000000 500.000000 26.521569
604 200.000000 500.000000 28.404275
605 250.000000 500.000000 30.209381
606 300.000000 500.000000 31.907846
607 350.000000 500.000000 33.470627
608 400.000000 500.000000 34.868681
609 450.000000 500.000000 36.061416
610 500.000000 500.000000 36.870855
611 550.000000 500.000000 37.210408
612 600.000000 500.000000 37.035690
613 650.000000 500.000000 36.302313
614 700.000000 500.000000 34.965890
615 750.000000 500.000000 32.982035
616 800.000000 500.000000 30.299630
617 850.000000 500.000000 27.048406
618 900.000000 500.000000 23.455248
619 950.000000 500.000000 19.832704
620 1000.000000 500.000000 16.807972
621 1050.000000 500.000000 14.623512
622 1100.000000 500.000000 13.454201
623 1150.000000 500.000000 12.384740
624 1200.000000 500.000000 10.842483
625 1250.000000 500.000000 8.980075
626 1300.000000 500.000000 6.950514
627 1350.000000 500.000000 5.049804
628 1400.000000 500.000000 3.582071
629 1450.000000 500.000000 2.750074
630 1500.000000 500.000000 2.756570
631 1550.000000 500.000000 3.892923
632 1600.000000 500.000000 6.148156
633 1650.000000 500.000000 9.271517
634 1700.000000 500.000000 13.012255
635 1750.000000 500.000000 16.885660
636 1800.000000 500.000000 20.276424
637 1850.000000 500.000000 22.964795
638 1900.000000 500.000000 24.736846
639 1950.000000 500.000000 25.902783
640 2000.000000 500.000000 27.669979
641 2050.000000 500.000000 29.993013
642 2100.000000 500.000000 32.755758
643 2150.000000 500.000000 35.842085
644 2200.000000 500.000000 39.020928
645 2250.000000 500.000000 41.961684
646 2300.000000 500.000000 44.502597
647 2350.000000 500.000000 46.484589
648 2400.000000 500.000000 47.748579
649 2450.000000 500.000000 48.154357
650 2500.000000 500.000000 47.729268
651 2550.000000 500.000000 46.565573
652 2600.000000 500.000000 44.755530
653 2650.000000 500.000000 42.391400
654 2700.000000 500.000000 39.650529
655 2750.000000 500.000000 36.689241
656 2800.000000 500.000000 33.552794
657 2850.000000 500.000000 30.286372
658 2900.000000 500.000000 26.935160
659 2950.000000 500.000000 23.071427
660 0.000000 550.000000 16.755275
661 50.000000 550.000000 19.327075
662 100.000000 550.000000 21.578958
663 150.000000 550.000000 23.777479
664 200.000000 550.000000 25.895080
665 250.000000 550.000000 27.902719
666 300.000000 550.000000 29.771353
667 350.000000 550.000000 31.471941
668 400.000000 550.000000 32.975439
669 450.000000 550.000000 34.178995
670 500.000000 550.000000 34.958189
671 550.000000 550.000000 35.268523
672 600.000000 550.000000 35.065609
673 650.000000 550.000000 34.305063
674 700.000000 550.000000 32.942495
675 750.000000 550.000000 30.933522
676 800.000000 550.000000 28.224160
677 850.000000 550.000000 24.941281
678 900.000000 550.000000 21.311769
679 950.000000 550.000000 17.572791
680 1000.000000 550.000000 14.235455
681 1050.000000 550.000000 11.624660
682 1100.000000 550.000000 9.926005
683 1150.000000 550.000000 9.154097
684 1200.000000 550.000000 8.120027
685 1250.000000 550.000000 6.683654
686 1300.000000 550.000000 4.997620
687 1350.000000 550.000000 3.302007
688 1400.000000 550.000000 2.013796
689 1450.000000 550.000000 1.348801
690 1500.000000 550.000000 1.509779
691 1550.000000 550.000000 2.805007
692 1600.000000 550.000000 5.240423
693 1650.000000 550.000000 8.565277
694 1700.000000 550.000000 12.528818
695 1750.000000 550.000000 16.828337
696 1800.000000 550.000000 20.857780
697 1850.000000 550.000000 24.329512
698 1900.000000 550.000000 27.029606
699 1950.000000 550.000000 28.744134
700 2000.000000 550.000000 30.101904
701 2050.000000 550.000000 32.095747
702 2100.000000 550.000000 34.615988
703 2150.000000 550.000000 37.546499
704 2200.000000 550.000000 40.728209
705 2250.000000 550.000000 43.725265
706 2300.000000 550.000000 46.321243
707 2350.000000 550.000000 48.357063
708 2400.000000 550.000000 49.673645
709 2450.000000 550.000000 50.125912
710 2500.000000 550.000000 49.736347
711 2550.000000 550.000000 48.597207
712 2600.000000 550.000000 46.800753
713 2650.000000 550.000000 44.459096
714 2700.000000 550.000000 41.840171
715 2750.000000 550.000000 39.039867
716 2800.000000 550.000000 36.103367
717 2850.000000 550.000000 33.075858
718 2900.000000 550.000000 29.672977
719 2950.000000 550.000000 25.245629
720 0.000000 600.000000 13.931658
721 50.000000 600.000000 16.489436
722 100.000000 600.000000 18.992016
723 150.000000 600.000000 21.410357
724 200.000000 600.000000 23.715414
725 250.000000 600.000000 25.878147
726 300.000000 600.000000 27.869512
727 350.000000 600.000000 29.660467
728 400.000000 600.000000 31.202442
729 450.000000 600.000000 32.374839
730 500.000000 600.000000 33.123787
731 550.000000 600.000000 33.404901
732 600.000000 600.000000 33.173792
733 650.000000 600.000000 32.386076
734 700.000000 600.000000 30.997365
735 750.000000 600.000000 28.963271
736 800.000000 600.000000 26.226954
737 850.000000 600.000000 22.912420
738 900.000000 600.000000 19.246554
739 950.000000 600.000000 15.456244
740 1000.000000 600.000000 11.887063
741 1050.000000 600.000000 8.928316
742 1100.000000 600.000000 6.767977
743 1150.000000 600.000000 5.591645
744 1200.000000 600.000000 5.062909
745 1250.000000 600.000000 4.103324
746 1300.000000 600.000000 2.811927
747 1350.000000 600.000000 1.371559
748 1400.000000 600.000000 0.260856
749 1450.000000 600.000000 -0.239153
750 1500.000000 600.000000 0.074292
751 1550.000000 600.000000 1.526381
752 1600.000000 600.000000 4.139967
753 1650.000000 600.000000 7.664299
754 1700.000000 600.000000 11.848627
755 1750.000000 600.000000 16.441675
756 1800.000000 600.000000 21.001698
757 1850.000000 600.000000 25.148693
758 1900.000000 600.000000 28.668731
759 1950.000000 600.000000 31.347886
760 2000.000000 600.000000 32.983862
761 2050.000000 600.000000 34.570164
762 2100.000000 600.000000 36.769553
763 2150.000000 600.000000 39.465899
764 2200.000000 600.000000 42.542335
765 2250.000000 600.000000 45.595693
766 2300.000000 600.000000 48.246736
767 2350.000000 600.000000 50.336383
768 2400.000000 600.000000 51.705557
769 2450.000000 600.000000 52.204315
770 2500.000000 600.000000 51.850272
771 2550.000000 600.000000 50.735687
772 2600.000000 600.000000 48.952821
773 2650.000000 600.000000 46.699648
774 2700.000000 600.000000 44.252838
775 2750.000000 600.000000 41.663613
776 2800.000000 600.000000 38.977158
777 2850.000000 600.000000 36.028302
778 2900.000000 600.000000 32.081587
779 2950.000000 600.000000 27.148398
780 0.000000 650.000000 11.274081
781 50.000000 650.000000 14.068965
782 100.000000 650.000000 16.776289
783 150.000000 650.000000 19.367010
784 200.000000 650.000000 21.812086
785 250.000000 650.000000 24.082473
786 300.000000 650.000000 26.149130
787 350.000000 650.000000 27.981543
788 400.000000 650.000000 29.500705
789 450.000000 650.000000 30.641831
790 500.000000 650.000000 31.360534
791 550.000000 650.000000 31.612427
792 600.000000 650.000000 31.353124
793 650.000000 650.000000 30.538238
794 700.000000 650.000000 29.123382
795 750.000000 650.000000 27.064170
796 800.000000 650.000000 24.300897
797 850.000000 650.000000 20.954707
798 900.000000 650.000000 17.252488
799 950.000000 650.000000 13.421124
800 1000.000000 650.000000 9.715164
801 1050.000000 650.000000 6.486846
802 1100.000000 650.000000 3.943207
803 1150.000000 650.000000 2.269844
804 1200.000000 650.000000 1.646417
805 1250.000000 650.000000 1.214374
806 1300.000000 650.000000 0.368367
807 1350.000000 650.000000 -0.738547
808 1400.000000 650.000000 -1.673756
809 1450.000000 650.000000 -2.010792
810 1500.000000 650.000000 -1.546895
811 1550.000000 650.000000 0.060040
812 1600.000000 650.000000 2.849781
813 1650.000000 650.000000 6.571577
814 1700.000000 650.000000 10.974678
815 1750.000000 650.000000 15.808332
816 1800.000000 650.000000 20.776911
817 1850.000000 650.000000 25.491069
818 1900.000000 650.000000 29.722954
819 1950.000000 650.000000 33.258636
820 2000.000000 650.000000 35.884188
821 2050.000000 650.000000 37.474880
822 2100.000000 650.000000 39.275066
823 2150.000000 650.000000 41.658898
824 2200.000000 650.000000 44.510249
825 2250.000000 650.000000 47.582507
826 2300.000000 650.000000 50.288614
827 2350.000000 650.000000 52.432090
828 2400.000000 650.000000 53.853856
829 2450.000000 650.000000 54.399103
830 2500.000000 650.000000 54.080583
831 2550.000000 650.000000 52.990554
832 2600.000000 650.000000 51.231841
833 2650.000000 650.000000 49.155878
834 2700.000000 650.000000 46.931279
835 2750.000000 650.000000 44.603229
836 2800.000000 650.000000 42.100319
837 2850.000000 650.000000 38.657133
838 2900.000000 650.000000 34.200495
839 2950.000000 650.000000 28.820806
840 0.000000 700.000000 9.029405
841 50.000000 700.000000 12.013958
842 100.000000 700.000000 14.878586
843 150.000000 700.000000 17.594249
844 200.000000 700.000000 20.131903
845 250.000000 700.000000 22.462507
846 300.000000 700.000000 24.557016
847 350.000000 700.000000 26.376135
848 400.000000 700.000000 27.863002
849 450.000000 700.000000 28.972857
850 500.000000 700.000000 29.661315
851 550.000000 700.000000 29.883988
852 600.000000 700.000000 29.596490
853 650.000000 700.000000 28.754434
854 700.000000 700.000000 27.313434
855 750.000000 700.000000 25.229103
856 800.000000 700.000000 22.438874
857 850.000000 700.000000 19.061029
858 900.000000 700.000000 15.322455
859 950.000000 700.000000 11.450039
860 1000.000000 700.000000 7.672125
861 1050.000000 700.000000 4.252620
862 1100.000000 700.000000 1.404063
863 1150.000000 700.000000 -0.687949
864 1200.000000 700.000000 -1.837818
865 1250.000000 700.000000 -2.007909
866 1300.000000 700.000000 -2.357772
867 1350.000000 700.000000 -3.051108
868 1400.000000 700.000000 -3.787045
869 1450.000000 700.000000 -3.963123
870 1500.000000 700.000000 -3.350788
871 1550.000000 700.000000 -1.591021
872 1600.000000 700.000000 1.372860
873 1650.000000 700.000000 5.290106
874 1700.000000 700.000000 9.909965
875 1750.000000 700.000000 14.981686
876 1800.000000 700.000000 20.252151
877 1850.000000 700.000000 25.425374
878 1900.000000 700.000000 30.261005
879 1950.000000 700.000000 34.545116
880 2000.000000 700.000000 38.063779
881 2050.000000 700.000000 40.603067
882 2100.000000 700.000000 42.191145
883 2150.000000 700.000000 44.184114
884 2200.000000 700.000000 46.731289
885 2250.000000 700.000000 49.695248
886 2300.000000 700.000000 52.456419
887 2350.000000 700.000000 54.653724
888 2400.000000 700.000000 56.128081
889 2450.000000 700.000000 56.719818
890 2500.000000 700.000000 56.436820
891 2550.000000 700.000000 55.371347
892 2600.000000 700.000000 53.713156
893 2650.000000 700.000000 51.870535
894 2700.000000 700.000000 49.918242
895 2750.000000 700.000000 47.851946
896 2800.000000 700.000000 44.935184
897 2850.000000 700.000000 40.977992
898 2900.000000 700.000000 36.070771
899 2950.000000 700.000000 30.303923
900 0.000000 750.000000 7.144440
901 50.000000 750.000000 10.271221
902 100.000000 750.000000 13.245716
903 150.000000 750.000000 16.038882
904 200.000000 750.000000 18.621676
905 250.000000 750.000000 20.965041
906 300.000000 750.000000 23.041684
907 350.000000 750.000000 24.827647
908 400.000000 750.000000 26.282218
909 450.000000 750.000000 27.360802
910 500.000000 750.000000 28.019015
911 550.000000 750.000000 28.212468
912 600.000000 750.000000 27.896775
913 650.000000 750.000000 27.027550
914 700.000000 750.000000 25.560405
915 750.000000 750.000000 23.450955
916 800.000000 750.000000 20.633769
917 850.000000 750.000000 17.224269
918 900.000000 750.000000 13.449342
919 950.000000 750.000000 9.535872
920 1000.000000 750.000000 5.710982
921 1050.000000 750.000000 2.178006
922 1100.000000 750.000000 -0.897088
923 1150.000000 750.000000 -3.329366
924 1200.000000 750.000000 -4.933231
925 1250.000000 750.000000 -5.523086
926 1300.000000 750.000000 -5.391203
927 1350.000000 750.000000 -5.619793
928 1400.000000 750.000000 -6.076017
929 1450.000000 750.000000 -6.093150
930 1500.000000 750.000000 -5.334393
931 1550.000000 750.000000 -3.423809
932 1600.000000 750.000000 -0.287801
933 1650.000000 750.000000 3.822880
934 1700.000000 750.000000 8.657482
935 1750.000000 750.000000 13.965256
936 1800.000000 750.000000 19.495076
937 1850.000000 750.000000 25.020339
938 1900.000000 750.000000 30.351617
939 1950.000000 750.000000 35.276058
940 2000.000000 750.000000 39.579734
941 2050.000000 750.000000 43.048716
942 2100.000000 750.000000 45.469076
943 2150.000000 750.000000 47.100161
944 2200.000000 750.000000 49.264811
945 2250.000000 750.000000 51.954227
946 2300.000000 750.000000 54.759690
947 2350.000000 750.000000 57.010823
948 2400.000000 750.000000 58.537772
949 2450.000000 750.000000 59.175999
950 2500.000000 750.000000 58.928524
951 2550.000000 750.000000 57.888844
952 2600.000000 750.000000 56.445552
953 2650.000000 750.000000 54.886368
954 2700.000000 750.000000 53.246103
955 2750.000000 750.000000 50.878660
956 2800.000000 750.000000 47.443808
957 2850.000000 750.000000 43.031950
958 2900.000000 750.000000 37.733488
959 2950.000000 750.000000 31.638822
960 0.000000 800.000000 5.565994
961 50.000000 800.000000 8.787565
962 100.000000 800.000000 11.824487
963 150.000000 800.000000 14.647060
964 200.000000 800.000000 17.228729
965 250.000000 800.000000 19.549736
966 300.000000 800.000000 21.590632
967 350.000000 800.000000 23.331964
968 400.000000 800.000000 24.751238
969 450.000000 800.000000 25.798552
970 500.000000 800.000000 26.426519
971 550.000000 800.000000 26.590752
972 600.000000 800.000000 26.246864
973 650.000000 800.000000 25.350469
974 700.000000 800.000000 23.857180
975 750.000000 800.000000 21.722610
976 800.000000 800.000000 18.878469
977 850.000000 800.000000 15.437314
978 900.000000 800.000000 11.626032
979 950.000000 800.000000 7.671510
980 1000.000000 800.000000 3.810693
981 1050.000000 800.000000 0.212396
982 1100.000000 800.000000 -3.007876
983 1150.000000 800.000000 -5.702038
984 1200.000000 800.000000 -7.681518
985 1250.000000 800.000000 -8.760718
986 1300.000000 800.000000 -8.756637
987 1350.000000 800.000000 -8.469729
988 1400.000000 800.000000 -8.537676
989 1450.000000 800.000000 -8.397880
990 1500.000000 800.000000 -7.494714
991 1550.000000 800.000000 -5.435327
992 1600.000000 800.000000 -2.129208
993 1650.000000 800.000000 2.172894
994 1700.000000 800.000000 7.220225
995 1750.000000 800.000000 12.761494
996 1800.000000 800.000000 18.531572
997 1850.000000 800.000000 24.348257
998 1900.000000 800.000000 30.064498
999 1950.000000 800.000000 35.520195
1000 2000.000000 800.000000 40.500783
1001 2050.000000 800.000000 44.791361
1002 2100.000000 800.000000 48.177999
1003 2150.000000 800.000000 50.446770
1004 2200.000000 800.000000 52.169431
1005 2250.000000 800.000000 54.484661
1006 2300.000000 800.000000 57.207967
1007 2350.000000 800.000000 59.512928
1008 2400.000000 800.000000 61.092469
1009 2450.000000 800.000000 61.777186
1010 2500.000000 800.000000 61.565233
1011 2550.000000 800.000000 60.620499
1012 2600.000000 800.000000 59.471777
1013 2650.000000 800.000000 58.246128
1014 2700.000000 800.000000 56.450477
1015 2750.000000 800.000000 53.560861
1016 2800.000000 800.000000 49.667261
1017 2850.000000 800.000000 44.860079
1018 2900.000000 800.000000 39.229715
1019 2950.000000 800.000000 32.866972
1020 0.000000 850.000000 4.240762
1021 50.000000 850.000000 7.506489
1022 100.000000 850.000000 10.557816
1023 150.000000 850.000000 13.375292
1024 200.000000 850.000000 15.939465
1025 250.000000 850.000000 18.230887
1026 300.000000 850.000000 20.230105
1027 350.000000 850.000000 21.917670
1028 400.000000 850.000000 23.274131
1029 450.000000 850.000000 24.278991
1030 500.000000 850.000000 24.876712
1031 550.000000 850.000000 25.011725
1032 600.000000 850.000000 24.639643
1033 650.000000 850.000000 23.716078
1034 700.000000 850.000000 22.196644
1035 750.000000 850.000000 20.036956
1036 800.000000 850.000000 17.165858
1037 850.000000 850.000000 13.693048
1038 900.000000 850.000000 9.845412
1039 950.000000 850.000000 5.864474
1040 1000.000000 850.000000 1.983888
1041 1050.000000 850.000000 -1.673022
1042 1100.000000 850.000000 -4.991020
1043 1150.000000 850.000000 -7.854868
1044 1200.000000 850.000000 -10.130309
1045 1250.000000 850.000000 -11.620471
1046 1300.000000 850.000000 -12.138486
1047 1350.000000 850.000000 -11.625627
1048 1400.000000 850.000000 -11.209752
1049 1450.000000 850.000000 -10.874318
1050 1500.000000 850.000000 -9.828758
1051 1550.000000 850.000000 -7.622582
1052 1600.000000 850.000000 -4.148366
1053 1650.000000 850.000000 0.343141
1054 1700.000000 850.000000 5.601188
1055 1750.000000 850.000000 11.340503
1056 1800.000000 850.000000 17.333261
1057 1850.000000 850.000000 23.432243
1058 1900.000000 850.000000 29.490396
1059 1950.000000 850.000000 35.360667
1060 2000.000000 850.000000 40.895660
1061 2050.000000 850.000000 45.899734
1062 2100.000000 850.000000 50.144551
1063 2150.000000 850.000000 53.416183
1064 2200.000000 850.000000 55.503763
1065 2250.000000 850.000000 57.366458
1066 2300.000000 850.000000 59.810790
1067 2350.000000 850.000000 62.169578
1068 2400.000000 850.000000 63.801711
1069 2450.000000 850.000000 64.532918
1070 2500.000000 850.000000 64.356488
1071 2550.000000 850.000000 63.638639
1072 2600.000000 850.000000 62.834582
1073 2650.000000 850.000000 61.613555
1074 2700.000000 850.000000 59.292069
1075 2750.000000 850.000000 55.939622
1076 2800.000000 850.000000 51.646615
1077 2850.000000 850.000000 46.505379
1078 2900.000000 850.000000 40.602537
1079 2950.000000 850.000000 34.004421
1080 0.000000 900.000000 3.102936
1081 50.000000 900.000000 6.381511
1082 100.000000 900.000000 9.433595
1083 150.000000 900.000000 12.239738
1084 200.000000 900.000000 14.780487
1085 250.000000 900.000000 17.036394
1086 300.000000 900.000000 18.988006
1087 350.000000 900.000000 20.615874
1088 400.000000 900.000000 21.900546
1089 450.000000 900.000000 22.822572
1090 500.000000 900.000000 23.362502
1091 550.000000 900.000000 23.468273
1092 600.000000 900.000000 23.067995
1093 650.000000 900.000000 22.117261
1094 700.000000 900.000000 20.571683
1095 750.000000 900.000000 18.386875
1096 800.000000 900.000000 15.488822
1097 850.000000 900.000000 11.984357
1098 900.000000 900.000000 8.106069
1099 950.000000 900.000000 4.141005
1100 1000.000000 900.000000 0.245449
1101 1050.000000 900.000000 -3.465363
1102 1100.000000 900.000000 -6.876193
1103 1150.000000 900.000000 -9.871805
1104 1200.000000 900.000000 -12.336962
1105 1250.000000 900.000000 -14.149979
1106 1300.000000 900.000000 -15.114305
1107 1350.000000 900.000000 -15.034615
1108 1400.000000 900.000000 -14.161470
1109 1450.000000 900.000000 -13.519468
1110 1500.000000 900.000000 -12.333529
1111 1550.000000 900.000000 -9.982580
1112 1600.000000 900.000000 -6.342280
1113 1650.000000 900.000000 -1.663382
1114 1700.000000 900.000000 3.766293
1115 1750.000000 900.000000 9.660770
1116 1800.000000 900.000000 15.868140
1117 1850.000000 900.000000 22.241352
1118 1900.000000 900.000000 28.633351
1119 1950.000000 900.000000 34.897084
1120 2000.000000 900.000000 40.885498
1121 2050.000000 900.000000 46.451539
1122 2100.000000 900.000000 51.437465
1123 2150.000000 900.000000 55.603859
1124 2200.000000 900.000000 58.727821
1125 2250.000000 900.000000 60.658235
1126 2300.000000 900.000000 62.658748
1127 2350.000000 900.000000 64.990314
1128 2400.000000 900.000000 66.675039
1129 2450.000000 900.000000 67.452736
1130 2500.000000 900.000000 67.351124
1131 2550.000000 900.000000 66.986011
1132 2600.000000 900.000000 66.330812
1133 2650.000000 900.000000 64.600351
1134 2700.000000 900.000000 61.811952
1135 2750.000000 900.000000 58.056858
1136 2800.000000 900.000000 53.431886
1137 2850.000000 900.000000 48.008851
1138 2900.000000 900.000000 41.852765
1139 2950.000000 900.000000 35.028639
1140 0.000000 950.000000 2.147012
1141 50.000000 950.000000 5.432507
1142 100.000000 950.000000 8.479420
1143 150.000000 950.000000 11.268299
1144 200.000000 950.000000 13.779696
1145 250.000000 950.000000 15.994158
1146 300.000000 950.000000 17.892234
1147 350.000000 950.000000 19.454476
1148 400.000000 950.000000 20.661431
1149 450.000000 950.000000 21.493649
1150 500.000000 950.000000 21.931680
1151 550.000000 950.000000 21.956072
1152 600.000000 950.000000 21.524808
1153 650.000000 950.000000 20.546904
1154 700.000000 950.000000 18.975181
1155 750.000000 950.000000 16.765254
1156 800.000000 950.000000 13.840245
1157 850.000000 950.000000 10.304125
1158 900.000000 950.000000 6.452461
1159 950.000000 950.000000 2.516071
1160 1000.000000 950.000000 -1.389742
1161 1050.000000 950.000000 -5.149743
1162 1100.000000 950.000000 -8.648693
1163 1150.000000 950.000000 -11.771356
1164 1200.000000 950.000000 -14.402496
1165 1250.000000 950.000000 -16.426876
1166 1300.000000 950.000000 -17.729126
1167 1350.000000 950.000000 -18.131096
1168 1400.000000 950.000000 -17.417822
1169 1450.000000 950.000000 -16.330338
1170 1500.000000 950.000000 -15.006033
1171 1550.000000 950.000000 -12.512325
1172 1600.000000 950.000000 -8.707957
1173 1650.000000 950.000000 -3.872960
1174 1700.000000 950.000000 1.648882
1175 1750.000000 950.000000 7.690289
1176 1800.000000 950.000000 14.104207
1177 1850.000000 950.000000 20.743582
1178 1900.000000 950.000000 27.461360
1179 1950.000000 950.000000 34.110489
1180 2000.000000 950.000000 40.543915
1181 2050.000000 950.000000 46.614585
1182 2100.000000 950.000000 52.175444
1183 2150.000000 950.000000 57.079441
1184 2200.000000 950.000000 61.133837
1185 2250.000000 950.000000 64.077469
1186 2300.000000 950.000000 65.896574
1187 2350.000000 950.000000 67.984675
1188 2400.000000 950.000000 69.721992
1189 2450.000000 950.000000 70.546179
1190 2500.000000 950.000000 70.664585
1191 2550.000000 950.000000 70.565167
1192 2600.000000 950.000000 69.448626
1193 2650.000000 950.000000 67.247168
1194 2700.000000 950.000000 64.060535
1195 2750.000000 950.000000 59.973039
1196 2800.000000 950.000000 55.049704
1197 2850.000000 950.000000 49.355541
1198 2900.000000 950.000000 42.955561
1199 2950.000000 950.000000 35.914776
