# Number of nodal point for each triganle, followed by Point ID
3 0 1 60
3 60 61 1
3 1 2 61
3 61 62 2
3 2 3 62
3 62 63 3
3 3 4 63
3 63 64 4
3 4 5 64
3 64 65 5
3 5 6 65
3 65 66 6
3 6 7 66
3 66 67 7
3 7 8 67
3 67 68 8
3 8 9 68
3 68 69 9
3 9 10 69
3 69 70 10
3 10 11 70
3 70 71 11
3 11 12 71
3 71 72 12
3 12 13 72
3 72 73 13
3 13 14 73
3 73 74 14
3 14 15 74
3 74 75 15
3 15 16 75
3 75 76 16
3 16 17 76
3 76 77 17
3 17 18 77
3 77 78 18
3 18 19 78
3 78 79 19
3 19 20 79
3 79 80 20
3 20 21 80
3 80 81 21
3 21 22 81
3 81 82 22
3 22 23 82
3 82 83 23
3 23 24 83
3 83 84 24
3 24 25 84
3 84 85 25
3 25 26 85
3 85 86 26
3 26 27 86
3 86 87 27
3 27 28 87
3 87 88 28
3 28 29 88
3 88 89 29
3 29 30 89
3 89 90 30
3 30 31 90
3 90 91 31
3 31 32 91
3 91 92 32
3 32 33 92
3 92 93 33
3 33 34 93
3 93 94 34
3 34 35 94
3 94 95 35
3 35 36 95
3 95 96 36
3 36 37 96
3 96 97 37
3 37 38 97
3 97 98 38
3 38 39 98
3 98 99 39
3 39 40 99
3 99 100 40
3 40 41 100
3 100 101 41
3 41 42 101
3 101 102 42
3 42 43 102
3 102 103 43
3 43 44 103
3 103 104 44
3 44 45 104
3 104 105 45
3 45 46 105
3 105 106 46
3 46 47 106
3 106 107 47
3 47 48 107
3 107 108 48
3 48 49 108
3 108 109 49
3 49 50 109
3 109 110 50
3 50 51 110
3 110 111 51
3 51 52 111
3 111 112 52
3 52 53 112
3 112 113 53
3 53 54 113
3 113 114 54
3 54 55 114
3 114 115 55
3 55 56 115
3 115 116 56
3 56 57 116
3 116 117 57
3 57 58 117
3 117 118 58
3 58 59 118
3 118 119 59
3 60 61 120
3 120 121 61
3 61 62 121
3 121 122 62
3 62 63 122
3 122 123 63
3 63 64 123
3 123 124 64
3 64 65 124
3 124 125 65
3 65 66 125
3 125 126 66
3 66 67 126
3 126 127 67
3 67 68 127
3 127 128 68
3 68 69 128
3 128 129 69
3 69 70 129
3 129 130 70
3 70 71 130
3 130 131 71
3 71 72 131
3 131 132 72
3 72 73 132
3 132 133 73
3 73 74 133
3 133 134 74
3 74 75 134
3 134 135 75
3 75 76 135
3 135 136 76
3 76 77 136
3 136 137 77
3 77 78 137
3 137 138 78
3 78 79 138
3 138 139 79
3 79 80 139
3 139 140 80
3 80 81 140
3 140 141 81
3 81 82 141
3 141 142 82
3 82 83 142
3 142 143 83
3 83 84 143
3 143 144 84
3 84 85 144
3 144 145 85
3 85 86 145
3 145 146 86
3 86 87 146
3 146 147 87
3 87 88 147
3 147 148 88
3 88 89 148
3 148 149 89
3 89 90 149
3 149 150 90
3 90 91 150
3 150 151 91
3 91 92 151
3 151 152 92
3 92 93 152
3 152 153 93
3 93 94 153
3 153 154 94
3 94 95 154
3 154 155 95
3 95 96 155
3 155 156 96
3 96 97 156
3 156 157 97
3 97 98 157
3 157 158 98
3 98 99 158
3 158 159 99
3 99 100 159
3 159 160 100
3 100 101 160
3 160 161 101
3 101 102 161
3 161 162 102
3 102 103 162
3 162 163 103
3 103 104 163
3 163 164 104
3 104 105 164
3 164 165 105
3 105 106 165
3 165 166 106
3 106 107 166
3 166 167 107
3 107 108 167
3 167 168 108
3 108 109 168
3 168 169 109
3 109 110 169
3 169 170 110
3 110 111 170
3 170 171 111
3 111 112 171
3 171 172 112
3 112 113 172
3 172 173 113
3 113 114 173
3 173 174 114
3 114 115 174
3 174 175 115
3 115 116 175
3 175 176 116
3 116 117 176
3 176 177 117
3 117 118 177
3 177 178 118
3 118 119 178
3 178 179 119
3 120 121 180
3 180 181 121
3 121 122 181
3 181 182 122
3 122 123 182
3 182 183 123
3 123 124 183
3 183 184 124
3 124 125 184
3 184 185 125
3 125 126 185
3 185 186 126
3 126 127 186
3 186 187 127
3 127 128 187
3 187 188 128
3 128 129 188
3 188 189 129
3 129 130 189
3 189 190 130
3 130 131 190
3 190 191 131
3 131 132 191
3 191 192 132
3 132 133 192
3 192 193 133
3 133 134 193
3 193 194 134
3 134 135 194
3 194 195 135
3 135 136 195
3 195 196 136
3 136 137 196
3 196 197 137
3 137 138 197
3 197 198 138
3 138 139 198
3 198 199 139
3 139 140 199
3 199 200 140
3 140 141 200
3 200 201 141
3 141 142 201
3 201 202 142
3 142 143 202
3 202 203 143
3 143 144 203
3 203 204 144
3 144 145 204
3 204 205 145
3 145 146 205
3 205 206 146
3 146 147 206
3 206 207 147
3 147 148 207
3 207 208 148
3 148 149 208
3 208 209 149
3 149 150 209
3 209 210 150
3 150 151 210
3 210 211 151
3 151 152 211
3 211 212 152
3 152 153 212
3 212 213 153
3 153 154 213
3 213 214 154
3 154 155 214
3 214 215 155
3 155 156 215
3 215 216 156
3 156 157 216
3 216 217 157
3 157 158 217
3 217 218 158
3 158 159 218
3 218 219 159
3 159 160 219
3 219 220 160
3 160 161 220
3 220 221 161
3 161 162 221
3 221 222 162
3 162 163 222
3 222 223 163
3 163 164 223
3 223 224 164
3 164 165 224
3 224 225 165
3 165 166 225
3 225 226 166
3 166 167 226
3 226 227 167
3 167 168 227
3 227 228 168
3 168 169 228
3 228 229 169
3 169 170 229
3 229 230 170
3 170 171 230
3 230 231 171
3 171 172 231
3 231 232 172
3 172 173 232
3 232 233 173
3 173 174 233
3 233 234 174
3 174 175 234
3 234 235 175
3 175 176 235
3 235 236 176
3 176 177 236
3 236 237 177
3 177 178 237
3 237 238 178
3 178 179 238
3 238 239 179
3 180 181 240
3 240 241 181
3 181 182 241
3 241 242 182
3 182 183 242
3 242 243 183
3 183 184 243
3 243 244 184
3 184 185 244
3 244 245 185
3 185 186 245
3 245 246 186
3 186 187 246
3 246 247 187
3 187 188 247
3 247 248 188
3 188 189 248
3 248 249 189
3 189 190 249
3 249 250 190
3 190 191 250
3 250 251 191
3 191 192 251
3 251 252 192
3 192 193 252
3 252 253 193
3 193 194 253
3 253 254 194
3 194 195 254
3 254 255 195
3 195 196 255
3 255 256 196
3 196 197 256
3 256 257 197
3 197 198 257
3 257 258 198
3 198 199 258
3 258 259 199
3 199 200 259
3 259 260 200
3 200 201 260
3 260 261 201
3 201 202 261
3 261 262 202
3 202 203 262
3 262 263 203
3 203 204 263
3 263 264 204
3 204 205 264
3 264 265 205
3 205 206 265
3 265 266 206
3 206 207 266
3 266 267 207
3 207 208 267
3 267 268 208
3 208 209 268
3 268 269 209
3 209 210 269
3 269 270 210
3 210 211 270
3 270 271 211
3 211 212 271
3 271 272 212
3 212 213 272
3 272 273 213
3 213 214 273
3 273 274 214
3 214 215 274
3 274 275 215
3 215 216 275
3 275 276 216
3 216 217 276
3 276 277 217
3 217 218 277
3 277 278 218
3 218 219 278
3 278 279 219
3 219 220 279
3 279 280 220
3 220 221 280
3 280 281 221
3 221 222 281
3 281 282 222
3 222 223 282
3 282 283 223
3 223 224 283
3 283 284 224
3 224 225 284
3 284 285 225
3 225 226 285
3 285 286 226
3 226 227 286
3 286 287 227
3 227 228 287
3 287 288 228
3 228 229 288
3 288 289 229
3 229 230 289
3 289 290 230
3 230 231 290
3 290 291 231
3 231 232 291
3 291 292 232
3 232 233 292
3 292 293 233
3 233 234 293
3 293 294 234
3 234 235 294
3 294 295 235
3 235 236 295
3 295 296 236
3 236 237 296
3 296 297 237
3 237 238 297
3 297 298 238
3 238 239 298
3 298 299 239
3 240 241 300
3 300 301 241
3 241 242 301
3 301 302 242
3 242 243 302
3 302 303 243
3 243 244 303
3 303 304 244
3 244 245 304
3 304 305 245
3 245 246 305
3 305 306 246
3 246 247 306
3 306 307 247
3 247 248 307
3 307 308 248
3 248 249 308
3 308 309 249
3 249 250 309
3 309 310 250
3 250 251 310
3 310 311 251
3 251 252 311
3 311 312 252
3 252 253 312
3 312 313 253
3 253 254 313
3 313 314 254
3 254 255 314
3 314 315 255
3 255 256 315
3 315 316 256
3 256 257 316
3 316 317 257
3 257 258 317
3 317 318 258
3 258 259 318
3 318 319 259
3 259 260 319
3 319 320 260
3 260 261 320
3 320 321 261
3 261 262 321
3 321 322 262
3 262 263 322
3 322 323 263
3 263 264 323
3 323 324 264
3 264 265 324
3 324 325 265
3 265 266 325
3 325 326 266
3 266 267 326
3 326 327 267
3 267 268 327
3 327 328 268
3 268 269 328
3 328 329 269
3 269 270 329
3 329 330 270
3 270 271 330
3 330 331 271
3 271 272 331
3 331 332 272
3 272 273 332
3 332 333 273
3 273 274 333
3 333 334 274
3 274 275 334
3 334 335 275
3 275 276 335
3 335 336 276
3 276 277 336
3 336 337 277
3 277 278 337
3 337 338 278
3 278 279 338
3 338 339 279
3 279 280 339
3 339 340 280
3 280 281 340
3 340 341 281
3 281 282 341
3 341 342 282
3 282 283 342
3 342 343 283
3 283 284 343
3 343 344 284
3 284 285 344
3 344 345 285
3 285 286 345
3 345 346 286
3 286 287 346
3 346 347 287
3 287 288 347
3 347 348 288
3 288 289 348
3 348 349 289
3 289 290 349
3 349 350 290
3 290 291 350
3 350 351 291
3 291 292 351
3 351 352 292
3 292 293 352
3 352 353 293
3 293 294 353
3 353 354 294
3 294 295 354
3 354 355 295
3 295 296 355
3 355 356 296
3 296 297 356
3 356 357 297
3 297 298 357
3 357 358 298
3 298 299 358
3 358 359 299
3 300 301 360
3 360 361 301
3 301 302 361
3 361 362 302
3 302 303 362
3 362 363 303
3 303 304 363
3 363 364 304
3 304 305 364
3 364 365 305
3 305 306 365
3 365 366 306
3 306 307 366
3 366 367 307
3 307 308 367
3 367 368 308
3 308 309 368
3 368 369 309
3 309 310 369
3 369 370 310
3 310 311 370
3 370 371 311
3 311 312 371
3 371 372 312
3 312 313 372
3 372 373 313
3 313 314 373
3 373 374 314
3 314 315 374
3 374 375 315
3 315 316 375
3 375 376 316
3 316 317 376
3 376 377 317
3 317 318 377
3 377 378 318
3 318 319 378
3 378 379 319
3 319 320 379
3 379 380 320
3 320 321 380
3 380 381 321
3 321 322 381
3 381 382 322
3 322 323 382
3 382 383 323
3 323 324 383
3 383 384 324
3 324 325 384
3 384 385 325
3 325 326 385
3 385 386 326
3 326 327 386
3 386 387 327
3 327 328 387
3 387 388 328
3 328 329 388
3 388 389 329
3 329 330 389
3 389 390 330
3 330 331 390
3 390 391 331
3 331 332 391
3 391 392 332
3 332 333 392
3 392 393 333
3 333 334 393
3 393 394 334
3 334 335 394
3 394 395 335
3 335 336 395
3 395 396 336
3 336 337 396
3 396 397 337
3 337 338 397
3 397 398 338
3 338 339 398
3 398 399 339
3 339 340 399
3 399 400 340
3 340 341 400
3 400 401 341
3 341 342 401
3 401 402 342
3 342 343 402
3 402 403 343
3 343 344 403
3 403 404 344
3 344 345 404
3 404 405 345
3 345 346 405
3 405 406 346
3 346 347 406
3 406 407 347
3 347 348 407
3 407 408 348
3 348 349 408
3 408 409 349
3 349 350 409
3 409 410 350
3 350 351 410
3 410 411 351
3 351 352 411
3 411 412 352
3 352 353 412
3 412 413 353
3 353 354 413
3 413 414 354
3 354 355 414
3 414 415 355
3 355 356 415
3 415 416 356
3 356 357 416
3 416 417 357
3 357 358 417
3 417 418 358
3 358 359 418
3 418 419 359
3 360 361 420
3 420 421 361
3 361 362 421
3 421 422 362
3 362 363 422
3 422 423 363
3 363 364 423
3 423 424 364
3 364 365 424
3 424 425 365
3 365 366 425
3 425 426 366
3 366 367 426
3 426 427 367
3 367 368 427
3 427 428 368
3 368 369 428
3 428 429 369
3 369 370 429
3 429 430 370
3 370 371 430
3 430 431 371
3 371 372 431
3 431 432 372
3 372 373 432
3 432 433 373
3 373 374 433
3 433 434 374
3 374 375 434
3 434 435 375
3 375 376 435
3 435 436 376
3 376 377 436
3 436 437 377
3 377 378 437
3 437 438 378
3 378 379 438
3 438 439 379
3 379 380 439
3 439 440 380
3 380 381 440
3 440 441 381
3 381 382 441
3 441 442 382
3 382 383 442
3 442 443 383
3 383 384 443
3 443 444 384
3 384 385 444
3 444 445 385
3 385 386 445
3 445 446 386
3 386 387 446
3 446 447 387
3 387 388 447
3 447 448 388
3 388 389 448
3 448 449 389
3 389 390 449
3 449 450 390
3 390 391 450
3 450 451 391
3 391 392 451
3 451 452 392
3 392 393 452
3 452 453 393
3 393 394 453
3 453 454 394
3 394 395 454
3 454 455 395
3 395 396 455
3 455 456 396
3 396 397 456
3 456 457 397
3 397 398 457
3 457 458 398
3 398 399 458
3 458 459 399
3 399 400 459
3 459 460 400
3 400 401 460
3 460 461 401
3 401 402 461
3 461 462 402
3 402 403 462
3 462 463 403
3 403 404 463
3 463 464 404
3 404 405 464
3 464 465 405
3 405 406 465
3 465 466 406
3 406 407 466
3 466 467 407
3 407 408 467
3 467 468 408
3 408 409 468
3 468 469 409
3 409 410 469
3 469 470 410
3 410 411 470
3 470 471 411
3 411 412 471
3 471 472 412
3 412 413 472
3 472 473 413
3 413 414 473
3 473 474 414
3 414 415 474
3 474 475 415
3 415 416 475
3 475 476 416
3 416 417 476
3 476 477 417
3 417 418 477
3 477 478 418
3 418 419 478
3 478 479 419
3 420 421 480
3 480 481 421
3 421 422 481
3 481 482 422
3 422 423 482
3 482 483 423
3 423 424 483
3 483 484 424
3 424 425 484
3 484 485 425
3 425 426 485
3 485 486 426
3 426 427 486
3 486 487 427
3 427 428 487
3 487 488 428
3 428 429 488
3 488 489 429
3 429 430 489
3 489 490 430
3 430 431 490
3 490 491 431
3 431 432 491
3 491 492 432
3 432 433 492
3 492 493 433
3 433 434 493
3 493 494 434
3 434 435 494
3 494 495 435
3 435 436 495
3 495 496 436
3 436 437 496
3 496 497 437
3 437 438 497
3 497 498 438
3 438 439 498
3 498 499 439
3 439 440 499
3 499 500 440
3 440 441 500
3 500 501 441
3 441 442 501
3 501 502 442
3 442 443 502
3 502 503 443
3 443 444 503
3 503 504 444
3 444 445 504
3 504 505 445
3 445 446 505
3 505 506 446
3 446 447 506
3 506 507 447
3 447 448 507
3 507 508 448
3 448 449 508
3 508 509 449
3 449 450 509
3 509 510 450
3 450 451 510
3 510 511 451
3 451 452 511
3 511 512 452
3 452 453 512
3 512 513 453
3 453 454 513
3 513 514 454
3 454 455 514
3 514 515 455
3 455 456 515
3 515 516 456
3 456 457 516
3 516 517 457
3 457 458 517
3 517 518 458
3 458 459 518
3 518 519 459
3 459 460 519
3 519 520 460
3 460 461 520
3 520 521 461
3 461 462 521
3 521 522 462
3 462 463 522
3 522 523 463
3 463 464 523
3 523 524 464
3 464 465 524
3 524 525 465
3 465 466 525
3 525 526 466
3 466 467 526
3 526 527 467
3 467 468 527
3 527 528 468
3 468 469 528
3 528 529 469
3 469 470 529
3 529 530 470
3 470 471 530
3 530 531 471
3 471 472 531
3 531 532 472
3 472 473 532
3 532 533 473
3 473 474 533
3 533 534 474
3 474 475 534
3 534 535 475
3 475 476 535
3 535 536 476
3 476 477 536
3 536 537 477
3 477 478 537
3 537 538 478
3 478 479 538
3 538 539 479
3 480 481 540
3 540 541 481
3 481 482 541
3 541 542 482
3 482 483 542
3 542 543 483
3 483 484 543
3 543 544 484
3 484 485 544
3 544 545 485
3 485 486 545
3 545 546 486
3 486 487 546
3 546 547 487
3 487 488 547
3 547 548 488
3 488 489 548
3 548 549 489
3 489 490 549
3 549 550 490
3 490 491 550
3 550 551 491
3 491 492 551
3 551 552 492
3 492 493 552
3 552 553 493
3 493 494 553
3 553 554 494
3 494 495 554
3 554 555 495
3 495 496 555
3 555 556 496
3 496 497 556
3 556 557 497
3 497 498 557
3 557 558 498
3 498 499 558
3 558 559 499
3 499 500 559
3 559 560 500
3 500 501 560
3 560 561 501
3 501 502 561
3 561 562 502
3 502 503 562
3 562 563 503
3 503 504 563
3 563 564 504
3 504 505 564
3 564 565 505
3 505 506 565
3 565 566 506
3 506 507 566
3 566 567 507
3 507 508 567
3 567 568 508
3 508 509 568
3 568 569 509
3 509 510 569
3 569 570 510
3 510 511 570
3 570 571 511
3 511 512 571
3 571 572 512
3 512 513 572
3 572 573 513
3 513 514 573
3 573 574 514
3 514 515 574
3 574 575 515
3 515 516 575
3 575 576 516
3 516 517 576
3 576 577 517
3 517 518 577
3 577 578 518
3 518 519 578
3 578 579 519
3 519 520 579
3 579 580 520
3 520 521 580
3 580 581 521
3 521 522 581
3 581 582 522
3 522 523 582
3 582 583 523
3 523 524 583
3 583 584 524
3 524 525 584
3 584 585 525
3 525 526 585
3 585 586 526
3 526 527 586
3 586 587 527
3 527 528 587
3 587 588 528
3 528 529 588
3 588 589 529
3 529 530 589
3 589 590 530
3 530 531 590
3 590 591 531
3 531 532 591
3 591 592 532
3 532 533 592
3 592 593 533
3 533 534 593
3 593 594 534
3 534 535 594
3 594 595 535
3 535 536 595
3 595 596 536
3 536 537 596
3 596 597 537
3 537 538 597
3 597 598 538
3 538 539 598
3 598 599 539
3 540 541 600
3 600 601 541
3 541 542 601
3 601 602 542
3 542 543 602
3 602 603 543
3 543 544 603
3 603 604 544
3 544 545 604
3 604 605 545
3 545 546 605
3 605 606 546
3 546 547 606
3 606 607 547
3 547 548 607
3 607 608 548
3 548 549 608
3 608 609 549
3 549 550 609
3 609 610 550
3 550 551 610
3 610 611 551
3 551 552 611
3 611 612 552
3 552 553 612
3 612 613 553
3 553 554 613
3 613 614 554
3 554 555 614
3 614 615 555
3 555 556 615
3 615 616 556
3 556 557 616
3 616 617 557
3 557 558 617
3 617 618 558
3 558 559 618
3 618 619 559
3 559 560 619
3 619 620 560
3 560 561 620
3 620 621 561
3 561 562 621
3 621 622 562
3 562 563 622
3 622 623 563
3 563 564 623
3 623 624 564
3 564 565 624
3 624 625 565
3 565 566 625
3 625 626 566
3 566 567 626
3 626 627 567
3 567 568 627
3 627 628 568
3 568 569 628
3 628 629 569
3 569 570 629
3 629 630 570
3 570 571 630
3 630 631 571
3 571 572 631
3 631 632 572
3 572 573 632
3 632 633 573
3 573 574 633
3 633 634 574
3 574 575 634
3 634 635 575
3 575 576 635
3 635 636 576
3 576 577 636
3 636 637 577
3 577 578 637
3 637 638 578
3 578 579 638
3 638 639 579
3 579 580 639
3 639 640 580
3 580 581 640
3 640 641 581
3 581 582 641
3 641 642 582
3 582 583 642
3 642 643 583
3 583 584 643
3 643 644 584
3 584 585 644
3 644 645 585
3 585 586 645
3 645 646 586
3 586 587 646
3 646 647 587
3 587 588 647
3 647 648 588
3 588 589 648
3 648 649 589
3 589 590 649
3 649 650 590
3 590 591 650
3 650 651 591
3 591 592 651
3 651 652 592
3 592 593 652
3 652 653 593
3 593 594 653
3 653 654 594
3 594 595 654
3 654 655 595
3 595 596 655
3 655 656 596
3 596 597 656
3 656 657 597
3 597 598 657
3 657 658 598
3 598 599 658
3 658 659 599
3 600 601 660
3 660 661 601
3 601 602 661
3 661 662 602
3 602 603 662
3 662 663 603
3 603 604 663
3 663 664 604
3 604 605 664
3 664 665 605
3 605 606 665
3 665 666 606
3 606 607 666
3 666 667 607
3 607 608 667
3 667 668 608
3 608 609 668
3 668 669 609
3 609 610 669
3 669 670 610
3 610 611 670
3 670 671 611
3 611 612 671
3 671 672 612
3 612 613 672
3 672 673 613
3 613 614 673
3 673 674 614
3 614 615 674
3 674 675 615
3 615 616 675
3 675 676 616
3 616 617 676
3 676 677 617
3 617 618 677
3 677 678 618
3 618 619 678
3 678 679 619
3 619 620 679
3 679 680 620
3 620 621 680
3 680 681 621
3 621 622 681
3 681 682 622
3 622 623 682
3 682 683 623
3 623 624 683
3 683 684 624
3 624 625 684
3 684 685 625
3 625 626 685
3 685 686 626
3 626 627 686
3 686 687 627
3 627 628 687
3 687 688 628
3 628 629 688
3 688 689 629
3 629 630 689
3 689 690 630
3 630 631 690
3 690 691 631
3 631 632 691
3 691 692 632
3 632 633 692
3 692 693 633
3 633 634 693
3 693 694 634
3 634 635 694
3 694 695 635
3 635 636 695
3 695 696 636
3 636 637 696
3 696 697 637
3 637 638 697
3 697 698 638
3 638 639 698
3 698 699 639
3 639 640 699
3 699 700 640
3 640 641 700
3 700 701 641
3 641 642 701
3 701 702 642
3 642 643 702
3 702 703 643
3 643 644 703
3 703 704 644
3 644 645 704
3 704 705 645
3 645 646 705
3 705 706 646
3 646 647 706
3 706 707 647
3 647 648 707
3 707 708 648
3 648 649 708
3 708 709 649
3 649 650 709
3 709 710 650
3 650 651 710
3 710 711 651
3 651 652 711
3 711 712 652
3 652 653 712
3 712 713 653
3 653 654 713
3 713 714 654
3 654 655 714
3 714 715 655
3 655 656 715
3 715 716 656
3 656 657 716
3 716 717 657
3 657 658 717
3 717 718 658
3 658 659 718
3 718 719 659
3 660 661 720
3 720 721 661
3 661 662 721
3 721 722 662
3 662 663 722
3 722 723 663
3 663 664 723
3 723 724 664
3 664 665 724
3 724 725 665
3 665 666 725
3 725 726 666
3 666 667 726
3 726 727 667
3 667 668 727
3 727 728 668
3 668 669 728
3 728 729 669
3 669 670 729
3 729 730 670
3 670 671 730
3 730 731 671
3 671 672 731
3 731 732 672
3 672 673 732
3 732 733 673
3 673 674 733
3 733 734 674
3 674 675 734
3 734 735 675
3 675 676 735
3 735 736 676
3 676 677 736
3 736 737 677
3 677 678 737
3 737 738 678
3 678 679 738
3 738 739 679
3 679 680 739
3 739 740 680
3 680 681 740
3 740 741 681
3 681 682 741
3 741 742 682
3 682 683 742
3 742 743 683
3 683 684 743
3 743 744 684
3 684 685 744
3 744 745 685
3 685 686 745
3 745 746 686
3 686 687 746
3 746 747 687
3 687 688 747
3 747 748 688
3 688 689 748
3 748 749 689
3 689 690 749
3 749 750 690
3 690 691 750
3 750 751 691
3 691 692 751
3 751 752 692
3 692 693 752
3 752 753 693
3 693 694 753
3 753 754 694
3 694 695 754
3 754 755 695
3 695 696 755
3 755 756 696
3 696 697 756
3 756 757 697
3 697 698 757
3 757 758 698
3 698 699 758
3 758 759 699
3 699 700 759
3 759 760 700
3 700 701 760
3 760 761 701
3 701 702 761
3 761 762 702
3 702 703 762
3 762 763 703
3 703 704 763
3 763 764 704
3 704 705 764
3 764 765 705
3 705 706 765
3 765 766 706
3 706 707 766
3 766 767 707
3 707 708 767
3 767 768 708
3 708 709 768
3 768 769 709
3 709 710 769
3 769 770 710
3 710 711 770
3 770 771 711
3 711 712 771
3 771 772 712
3 712 713 772
3 772 773 713
3 713 714 773
3 773 774 714
3 714 715 774
3 774 775 715
3 715 716 775
3 775 776 716
3 716 717 776
3 776 777 717
3 717 718 777
3 777 778 718
3 718 719 778
3 778 779 719
3 720 721 780
3 780 781 721
3 721 722 781
3 781 782 722
3 722 723 782
3 782 783 723
3 723 724 783
3 783 784 724
3 724 725 784
3 784 785 725
3 725 726 785
3 785 786 726
3 726 727 786
3 786 787 727
3 727 728 787
3 787 788 728
3 728 729 788
3 788 789 729
3 729 730 789
3 789 790 730
3 730 731 790
3 790 791 731
3 731 732 791
3 791 792 732
3 732 733 792
3 792 793 733
3 733 734 793
3 793 794 734
3 734 735 794
3 794 795 735
3 735 736 795
3 795 796 736
3 736 737 796
3 796 797 737
3 737 738 797
3 797 798 738
3 738 739 798
3 798 799 739
3 739 740 799
3 799 800 740
3 740 741 800
3 800 801 741
3 741 742 801
3 801 802 742
3 742 743 802
3 802 803 743
3 743 744 803
3 803 804 744
3 744 745 804
3 804 805 745
3 745 746 805
3 805 806 746
3 746 747 806
3 806 807 747
3 747 748 807
3 807 808 748
3 748 749 808
3 808 809 749
3 749 750 809
3 809 810 750
3 750 751 810
3 810 811 751
3 751 752 811
3 811 812 752
3 752 753 812
3 812 813 753
3 753 754 813
3 813 814 754
3 754 755 814
3 814 815 755
3 755 756 815
3 815 816 756
3 756 757 816
3 816 817 757
3 757 758 817
3 817 818 758
3 758 759 818
3 818 819 759
3 759 760 819
3 819 820 760
3 760 761 820
3 820 821 761
3 761 762 821
3 821 822 762
3 762 763 822
3 822 823 763
3 763 764 823
3 823 824 764
3 764 765 824
3 824 825 765
3 765 766 825
3 825 826 766
3 766 767 826
3 826 827 767
3 767 768 827
3 827 828 768
3 768 769 828
3 828 829 769
3 769 770 829
3 829 830 770
3 770 771 830
3 830 831 771
3 771 772 831
3 831 832 772
3 772 773 832
3 832 833 773
3 773 774 833
3 833 834 774
3 774 775 834
3 834 835 775
3 775 776 835
3 835 836 776
3 776 777 836
3 836 837 777
3 777 778 837
3 837 838 778
3 778 779 838
3 838 839 779
3 780 781 840
3 840 841 781
3 781 782 841
3 841 842 782
3 782 783 842
3 842 843 783
3 783 784 843
3 843 844 784
3 784 785 844
3 844 845 785
3 785 786 845
3 845 846 786
3 786 787 846
3 846 847 787
3 787 788 847
3 847 848 788
3 788 789 848
3 848 849 789
3 789 790 849
3 849 850 790
3 790 791 850
3 850 851 791
3 791 792 851
3 851 852 792
3 792 793 852
3 852 853 793
3 793 794 853
3 853 854 794
3 794 795 854
3 854 855 795
3 795 796 855
3 855 856 796
3 796 797 856
3 856 857 797
3 797 798 857
3 857 858 798
3 798 799 858
3 858 859 799
3 799 800 859
3 859 860 800
3 800 801 860
3 860 861 801
3 801 802 861
3 861 862 802
3 802 803 862
3 862 863 803
3 803 804 863
3 863 864 804
3 804 805 864
3 864 865 805
3 805 806 865
3 865 866 806
3 806 807 866
3 866 867 807
3 807 808 867
3 867 868 808
3 808 809 868
3 868 869 809
3 809 810 869
3 869 870 810
3 810 811 870
3 870 871 811
3 811 812 871
3 871 872 812
3 812 813 872
3 872 873 813
3 813 814 873
3 873 874 814
3 814 815 874
3 874 875 815
3 815 816 875
3 875 876 816
3 816 817 876
3 876 877 817
3 817 818 877
3 877 878 818
3 818 819 878
3 878 879 819
3 819 820 879
3 879 880 820
3 820 821 880
3 880 881 821
3 821 822 881
3 881 882 822
3 822 823 882
3 882 883 823
3 823 824 883
3 883 884 824
3 824 825 884
3 884 885 825
3 825 826 885
3 885 886 826
3 826 827 886
3 886 887 827
3 827 828 887
3 887 888 828
3 828 829 888
3 888 889 829
3 829 830 889
3 889 890 830
3 830 831 890
3 890 891 831
3 831 832 891
3 891 892 832
3 832 833 892
3 892 893 833
3 833 834 893
3 893 894 834
3 834 835 894
3 894 895 835
3 835 836 895
3 895 896 836
3 836 837 896
3 896 897 837
3 837 838 897
3 897 898 838
3 838 839 898
3 898 899 839
3 840 841 900
3 900 901 841
3 841 842 901
3 901 902 842
3 842 843 902
3 902 903 843
3 843 844 903
3 903 904 844
3 844 845 904
3 904 905 845
3 845 846 905
3 905 906 846
3 846 847 906
3 906 907 847
3 847 848 907
3 907 908 848
3 848 849 908
3 908 909 849
3 849 850 909
3 909 910 850
3 850 851 910
3 910 911 851
3 851 852 911
3 911 912 852
3 852 853 912
3 912 913 853
3 853 854 913
3 913 914 854
3 854 855 914
3 914 915 855
3 855 856 915
3 915 916 856
3 856 857 916
3 916 917 857
3 857 858 917
3 917 918 858
3 858 859 918
3 918 919 859
3 859 860 919
3 919 920 860
3 860 861 920
3 920 921 861
3 861 862 921
3 921 922 862
3 862 863 922
3 922 923 863
3 863 864 923
3 923 924 864
3 864 865 924
3 924 925 865
3 865 866 925
3 925 926 866
3 866 867 926
3 926 927 867
3 867 868 927
3 927 928 868
3 868 869 928
3 928 929 869
3 869 870 929
3 929 930 870
3 870 871 930
3 930 931 871
3 871 872 931
3 931 932 872
3 872 873 932
3 932 933 873
3 873 874 933
3 933 934 874
3 874 875 934
3 934 935 875
3 875 876 935
3 935 936 876
3 876 877 936
3 936 937 877
3 877 878 937
3 937 938 878
3 878 879 938
3 938 939 879
3 879 880 939
3 939 940 880
3 880 881 940
3 940 941 881
3 881 882 941
3 941 942 882
3 882 883 942
3 942 943 883
3 883 884 943
3 943 944 884
3 884 885 944
3 944 945 885
3 885 886 945
3 945 946 886
3 886 887 946
3 946 947 887
3 887 888 947
3 947 948 888
3 888 889 948
3 948 949 889
3 889 890 949
3 949 950 890
3 890 891 950
3 950 951 891
3 891 892 951
3 951 952 892
3 892 893 952
3 952 953 893
3 893 894 953
3 953 954 894
3 894 895 954
3 954 955 895
3 895 896 955
3 955 956 896
3 896 897 956
3 956 957 897
3 897 898 957
3 957 958 898
3 898 899 958
3 958 959 899
3 900 901 960
3 960 961 901
3 901 902 961
3 961 962 902
3 902 903 962
3 962 963 903
3 903 904 963
3 963 964 904
3 904 905 964
3 964 965 905
3 905 906 965
3 965 966 906
3 906 907 966
3 966 967 907
3 907 908 967
3 967 968 908
3 908 909 968
3 968 969 909
3 909 910 969
3 969 970 910
3 910 911 970
3 970 971 911
3 911 912 971
3 971 972 912
3 912 913 972
3 972 973 913
3 913 914 973
3 973 974 914
3 914 915 974
3 974 975 915
3 915 916 975
3 975 976 916
3 916 917 976
3 976 977 917
3 917 918 977
3 977 978 918
3 918 919 978
3 978 979 919
3 919 920 979
3 979 980 920
3 920 921 980
3 980 981 921
3 921 922 981
3 981 982 922
3 922 923 982
3 982 983 923
3 923 924 983
3 983 984 924
3 924 925 984
3 984 985 925
3 925 926 985
3 985 986 926
3 926 927 986
3 986 987 927
3 927 928 987
3 987 988 928
3 928 929 988
3 988 989 929
3 929 930 989
3 989 990 930
3 930 931 990
3 990 991 931
3 931 932 991
3 991 992 932
3 932 933 992
3 992 993 933
3 933 934 993
3 993 994 934
3 934 935 994
3 994 995 935
3 935 936 995
3 995 996 936
3 936 937 996
3 996 997 937
3 937 938 997
3 997 998 938
3 938 939 998
3 998 999 939
3 939 940 999
3 999 1000 940
3 940 941 1000
3 1000 1001 941
3 941 942 1001
3 1001 1002 942
3 942 943 1002
3 1002 1003 943
3 943 944 1003
3 1003 1004 944
3 944 945 1004
3 1004 1005 945
3 945 946 1005
3 1005 1006 946
3 946 947 1006
3 1006 1007 947
3 947 948 1007
3 1007 1008 948
3 948 949 1008
3 1008 1009 949
3 949 950 1009
3 1009 1010 950
3 950 951 1010
3 1010 1011 951
3 951 952 1011
3 1011 1012 952
3 952 953 1012
3 1012 1013 953
3 953 954 1013
3 1013 1014 954
3 954 955 1014
3 1014 1015 955
3 955 956 1015
3 1015 1016 956
3 956 957 1016
3 1016 1017 957
3 957 958 1017
3 1017 1018 958
3 958 959 1018
3 1018 1019 959
3 960 961 1020
3 1020 1021 961
3 961 962 1021
3 1021 1022 962
3 962 963 1022
3 1022 1023 963
3 963 964 1023
3 1023 1024 964
3 964 965 1024
3 1024 1025 965
3 965 966 1025
3 1025 1026 966
3 966 967 1026
3 1026 1027 967
3 967 968 1027
3 1027 1028 968
3 968 969 1028
3 1028 1029 969
3 969 970 1029
3 1029 1030 970
3 970 971 1030
3 1030 1031 971
3 971 972 1031
3 1031 1032 972
3 972 973 1032
3 1032 1033 973
3 973 974 1033
3 1033 1034 974
3 974 975 1034
3 1034 1035 975
3 975 976 1035
3 1035 1036 976
3 976 977 1036
3 1036 1037 977
3 977 978 1037
3 1037 1038 978
3 978 979 1038
3 1038 1039 979
3 979 980 1039
3 1039 1040 980
3 980 981 1040
3 1040 1041 981
3 981 982 1041
3 1041 1042 982
3 982 983 1042
3 1042 1043 983
3 983 984 1043
3 1043 1044 984
3 984 985 1044
3 1044 1045 985
3 985 986 1045
3 1045 1046 986
3 986 987 1046
3 1046 1047 987
3 987 988 1047
3 1047 1048 988
3 988 989 1048
3 1048 1049 989
3 989 990 1049
3 1049 1050 990
3 990 991 1050
3 1050 1051 991
3 991 992 1051
3 1051 1052 992
3 992 993 1052
3 1052 1053 993
3 993 994 1053
3 1053 1054 994
3 994 995 1054
3 1054 1055 995
3 995 996 1055
3 1055 1056 996
3 996 997 1056
3 1056 1057 997
3 997 998 1057
3 1057 1058 998
3 998 999 1058
3 1058 1059 999
3 999 1000 1059
3 1059 1060 1000
3 1000 1001 1060
3 1060 1061 1001
3 1001 1002 1061
3 1061 1062 1002
3 1002 1003 1062
3 1062 1063 1003
3 1003 1004 1063
3 1063 1064 1004
3 1004 1005 1064
3 1064 1065 1005
3 1005 1006 1065
3 1065 1066 1006
3 1006 1007 1066
3 1066 1067 1007
3 1007 1008 1067
3 1067 1068 1008
3 1008 1009 1068
3 1068 1069 1009
3 1009 1010 1069
3 1069 1070 1010
3 1010 1011 1070
3 1070 1071 1011
3 1011 1012 1071
3 1071 1072 1012
3 1012 1013 1072
3 1072 1073 1013
3 1013 1014 1073
3 1073 1074 1014
3 1014 1015 1074
3 1074 1075 1015
3 1015 1016 1075
3 1075 1076 1016
3 1016 1017 1076
3 1076 1077 1017
3 1017 1018 1077
3 1077 1078 1018
3 1018 1019 1078
3 1078 1079 1019
3 1020 1021 1080
3 1080 1081 1021
3 1021 1022 1081
3 1081 1082 1022
3 1022 1023 1082
3 1082 1083 1023
3 1023 1024 1083
3 1083 1084 1024
3 1024 1025 1084
3 1084 1085 1025
3 1025 1026 1085
3 1085 1086 1026
3 1026 1027 1086
3 1086 1087 1027
3 1027 1028 1087
3 1087 1088 1028
3 1028 1029 1088
3 1088 1089 1029
3 1029 1030 1089
3 1089 1090 1030
3 1030 1031 1090
3 1090 1091 1031
3 1031 1032 1091
3 1091 1092 1032
3 1032 1033 1092
3 1092 1093 1033
3 1033 1034 1093
3 1093 1094 1034
3 1034 1035 1094
3 1094 1095 1035
3 1035 1036 1095
3 1095 1096 1036
3 1036 1037 1096
3 1096 1097 1037
3 1037 1038 1097
3 1097 1098 1038
3 1038 1039 1098
3 1098 1099 1039
3 1039 1040 1099
3 1099 1100 1040
3 1040 1041 1100
3 1100 1101 1041
3 1041 1042 1101
3 1101 1102 1042
3 1042 1043 1102
3 1102 1103 1043
3 1043 1044 1103
3 1103 1104 1044
3 1044 1045 1104
3 1104 1105 1045
3 1045 1046 1105
3 1105 1106 1046
3 1046 1047 1106
3 1106 1107 1047
3 1047 1048 1107
3 1107 1108 1048
3 1048 1049 1108
3 1108 1109 1049
3 1049 1050 1109
3 1109 1110 1050
3 1050 1051 1110
3 1110 1111 1051
3 1051 1052 1111
3 1111 1112 1052
3 1052 1053 1112
3 1112 1113 1053
3 1053 1054 1113
3 1113 1114 1054
3 1054 1055 1114
3 1114 1115 1055
3 1055 1056 1115
3 1115 1116 1056
3 1056 1057 1116
3 1116 1117 1057
3 1057 1058 1117
3 1117 1118 1058
3 1058 1059 1118
3 1118 1119 1059
3 1059 1060 1119
3 1119 1120 1060
3 1060 1061 1120
3 1120 1121 1061
3 1061 1062 1121
3 1121 1122 1062
3 1062 1063 1122
3 1122 1123 1063
3 1063 1064 1123
3 1123 1124 1064
3 1064 1065 1124
3 1124 1125 1065
3 1065 1066 1125
3 1125 1126 1066
3 1066 1067 1126
3 1126 1127 1067
3 1067 1068 1127
3 1127 1128 1068
3 1068 1069 1128
3 1128 1129 1069
3 1069 1070 1129
3 1129 1130 1070
3 1070 1071 1130
3 1130 1131 1071
3 1071 1072 1131
3 1131 1132 1072
3 1072 1073 1132
3 1132 1133 1073
3 1073 1074 1133
3 1133 1134 1074
3 1074 1075 1134
3 1134 1135 1075
3 1075 1076 1135
3 1135 1136 1076
3 1076 1077 1136
3 1136 1137 1077
3 1077 1078 1137
3 1137 1138 1078
3 1078 1079 1138
3 1138 1139 1079
3 1080 1081 1140
3 1140 1141 1081
3 1081 1082 1141
3 1141 1142 1082
3 1082 1083 1142
3 1142 1143 1083
3 1083 1084 1143
3 1143 1144 1084
3 1084 1085 1144
3 1144 1145 1085
3 1085 1086 1145
3 1145 1146 1086
3 1086 1087 1146
3 1146 1147 1087
3 1087 1088 1147
3 1147 1148 1088
3 1088 1089 1148
3 1148 1149 1089
3 1089 1090 1149
3 1149 1150 1090
3 1090 1091 1150
3 1150 1151 1091
3 1091 1092 1151
3 1151 1152 1092
3 1092 1093 1152
3 1152 1153 1093
3 1093 1094 1153
3 1153 1154 1094
3 1094 1095 1154
3 1154 1155 1095
3 1095 1096 1155
3 1155 1156 1096
3 1096 1097 1156
3 1156 1157 1097
3 1097 1098 1157
3 1157 1158 1098
3 1098 1099 1158
3 1158 1159 1099
3 1099 1100 1159
3 1159 1160 1100
3 1100 1101 1160
3 1160 1161 1101
3 1101 1102 1161
3 1161 1162 1102
3 1102 1103 1162
3 1162 1163 1103
3 1103 1104 1163
3 1163 1164 1104
3 1104 1105 1164
3 1164 1165 1105
3 1105 1106 1165
3 1165 1166 1106
3 1106 1107 1166
3 1166 1167 1107
3 1107 1108 1167
3 1167 1168 1108
3 1108 1109 1168
3 1168 1169 1109
3 1109 1110 1169
3 1169 1170 1110
3 1110 1111 1170
3 1170 1171 1111
3 1111 1112 1171
3 1171 1172 1112
3 1112 1113 1172
3 1172 1173 1113
3 1113 1114 1173
3 1173 1174 1114
3 1114 1115 1174
3 1174 1175 1115
3 1115 1116 1175
3 1175 1176 1116
3 1116 1117 1176
3 1176 1177 1117
3 1117 1118 1177
3 1177 1178 1118
3 1118 1119 1178
3 1178 1179 1119
3 1119 1120 1179
3 1179 1180 1120
3 1120 1121 1180
3 1180 1181 1121
3 1121 1122 1181
3 1181 1182 1122
3 1122 1123 1182
3 1182 1183 1123
3 1123 1124 1183
3 1183 1184 1124
3 1124 1125 1184
3 1184 1185 1125
3 1125 1126 1185
3 1185 1186 1126
3 1126 1127 1186
3 1186 1187 1127
3 1127 1128 1187
3 1187 1188 1128
3 1128 1129 1188
3 1188 1189 1129
3 1129 1130 1189
3 1189 1190 1130
3 1130 1131 1190
3 1190 1191 1131
3 1131 1132 1191
3 1191 1192 1132
3 1132 1133 1192
3 1192 1193 1133
3 1133 1134 1193
3 1193 1194 1134
3 1134 1135 1194
3 1194 1195 1135
3 1135 1136 1195
3 1195 1196 1136
3 1136 1137 1196
3 1196 1197 1137
3 1137 1138 1197
3 1197 1198 1138
3 1138 1139 1198
3 1198 1199 1139
