0 -3.13 626.80
1 -3.13 651.77
2 -3.13 664.26
3 -3.13 676.74
4 9.11 439.52
5 9.11 452.01
6 9.11 464.49
7 9.11 476.98
8 9.11 501.95
9 9.11 514.43
10 9.11 526.92
11 9.11 539.40
12 9.11 551.89
13 9.11 564.38
14 9.11 576.86
15 9.11 589.35
16 9.11 601.83
17 9.11 614.32
18 9.11 626.80
19 9.11 639.29
20 9.11 651.77
21 9.11 664.26
22 9.11 676.74
23 21.35 327.15
24 21.35 339.64
25 21.35 352.12
26 21.35 364.61
27 21.35 377.09
28 21.35 389.58
29 21.35 402.06
30 21.35 414.55
31 21.35 427.03
32 21.35 439.52
33 21.35 452.01
34 21.35 464.49
35 21.35 476.98
36 21.35 489.46
37 21.35 501.95
38 21.35 514.43
39 21.35 526.92
40 21.35 539.40
41 21.35 551.89
42 21.35 564.38
43 21.35 576.86
44 21.35 589.35
45 21.35 601.83
46 21.35 614.32
47 21.35 626.80
48 21.35 639.29
49 21.35 651.77
50 21.35 664.26
51 21.35 676.74
52 33.60 314.67
53 33.60 327.15
54 33.60 339.64
55 33.60 352.12
56 33.60 364.61
57 33.60 377.09
58 33.60 389.58
59 33.60 402.06
60 33.60 414.55
61 33.60 427.03
62 33.60 439.52
63 33.60 452.01
64 33.60 464.49
65 33.60 476.98
66 33.60 489.46
67 33.60 501.95
68 33.60 514.43
69 33.60 526.92
70 33.60 539.40
71 33.60 551.89
72 33.60 564.38
73 33.60 576.86
74 33.60 589.35
75 33.60 601.83
76 33.60 614.32
77 33.60 626.80
78 33.60 639.29
79 33.60 651.77
80 33.60 664.26
81 33.60 676.74
82 45.84 314.67
83 45.84 327.15
84 45.84 339.64
85 45.84 352.12
86 45.84 364.61
87 45.84 377.09
88 45.84 389.58
89 45.84 402.06
90 45.84 414.55
91 45.84 427.03
92 45.84 439.52
93 45.84 452.01
94 45.84 464.49
95 45.84 476.98
96 45.84 489.46
97 45.84 501.95
98 45.84 514.43
99 45.84 526.92
100 45.84 539.40
101 45.84 551.89
102 45.84 564.38
103 45.84 576.86
104 45.84 589.35
105 45.84 601.83
106 45.84 614.32
107 45.84 626.80
108 45.84 639.29
109 45.84 651.77
110 45.84 664.26
111 45.84 676.74
112 58.08 314.67
113 58.08 327.15
114 58.08 339.64
115 58.08 352.12
116 58.08 364.61
117 58.08 377.09
118 58.08 389.58
119 58.08 402.06
120 58.08 414.55
121 58.08 427.03
122 58.08 439.52
123 58.08 452.01
124 58.08 464.49
125 58.08 476.98
126 58.08 489.46
127 58.08 501.95
128 58.08 514.43
129 58.08 526.92
130 58.08 539.40
131 58.08 551.89
132 58.08 564.38
133 58.08 576.86
134 58.08 589.35
135 58.08 601.83
136 58.08 614.32
137 58.08 626.80
138 58.08 639.29
139 58.08 651.77
140 58.08 664.26
141 58.08 676.74
142 70.32 314.67
143 70.32 327.15
144 70.32 339.64
145 70.32 352.12
146 70.32 364.61
147 70.32 377.09
148 70.32 389.58
149 70.32 402.06
150 70.32 414.55
151 70.32 427.03
152 70.32 439.52
153 70.32 452.01
154 70.32 464.49
155 70.32 476.98
156 70.32 489.46
157 70.32 501.95
158 70.32 514.43
159 70.32 526.92
160 70.32 539.40
161 70.32 551.89
162 70.32 564.38
163 70.32 576.86
164 70.32 589.35
165 70.32 601.83
166 70.32 614.32
167 70.32 626.80
168 70.32 639.29
169 70.32 651.77
170 70.32 664.26
171 70.32 676.74
172 82.57 327.15
173 82.57 339.64
174 82.57 352.12
175 82.57 364.61
176 82.57 377.09
177 82.57 389.58
178 82.57 402.06
179 82.57 414.55
180 82.57 427.03
181 82.57 439.52
182 82.57 452.01
183 82.57 464.49
184 82.57 476.98
185 82.57 489.46
186 82.57 501.95
187 82.57 514.43
188 82.57 526.92
189 82.57 539.40
190 82.57 551.89
191 82.57 564.38
192 82.57 576.86
193 82.57 589.35
194 82.57 601.83
195 82.57 614.32
196 82.57 626.80
197 82.57 639.29
198 82.57 651.77
199 82.57 664.26
200 82.57 676.74
201 94.81 314.67
202 94.81 327.15
203 94.81 339.64
204 94.81 352.12
205 94.81 364.61
206 94.81 377.09
207 94.81 389.58
208 94.81 402.06
209 94.81 414.55
210 94.81 427.03
211 94.81 439.52
212 94.81 452.01
213 94.81 464.49
214 94.81 476.98
215 94.81 489.46
216 94.81 501.95
217 94.81 514.43
218 94.81 526.92
219 94.81 539.40
220 94.81 551.89
221 94.81 564.38
222 94.81 576.86
223 94.81 589.35
224 94.81 601.83
225 94.81 614.32
226 94.81 626.80
227 94.81 639.29
228 94.81 651.77
229 94.81 664.26
230 94.81 676.74
231 107.05 314.67
232 107.05 327.15
233 107.05 339.64
234 107.05 352.12
235 107.05 364.61
236 107.05 377.09
237 107.05 389.58
238 107.05 402.06
239 107.05 414.55
240 107.05 427.03
241 107.05 439.52
242 107.05 452.01
243 107.05 464.49
244 107.05 476.98
245 107.05 489.46
246 107.05 501.95
247 107.05 514.43
248 107.05 526.92
249 107.05 539.40
250 107.05 551.89
251 107.05 564.38
252 107.05 576.86
253 107.05 589.35
254 107.05 601.83
255 107.05 614.32
256 107.05 626.80
257 107.05 639.29
258 107.05 651.77
259 107.05 664.26
260 107.05 676.74
261 119.30 314.67
262 119.30 327.15
263 119.30 339.64
264 119.30 352.12
265 119.30 364.61
266 119.30 377.09
267 119.30 389.58
268 119.30 402.06
269 119.30 414.55
270 119.30 427.03
271 119.30 439.52
272 119.30 452.01
273 119.30 464.49
274 119.30 476.98
275 119.30 489.46
276 119.30 501.95
277 119.30 514.43
278 119.30 526.92
279 119.30 539.40
280 119.30 551.89
281 119.30 564.38
282 119.30 576.86
283 119.30 589.35
284 119.30 601.83
285 119.30 614.32
286 119.30 626.80
287 119.30 639.29
288 119.30 651.77
289 119.30 664.26
290 119.30 676.74
291 131.54 314.67
292 131.54 327.15
293 131.54 339.64
294 131.54 352.12
295 131.54 364.61
296 131.54 377.09
297 131.54 389.58
298 131.54 402.06
299 131.54 414.55
300 131.54 427.03
301 131.54 439.52
302 131.54 452.01
303 131.54 464.49
304 131.54 476.98
305 131.54 489.46
306 131.54 501.95
307 131.54 514.43
308 131.54 526.92
309 131.54 539.40
310 131.54 551.89
311 131.54 564.38
312 131.54 576.86
313 131.54 589.35
314 131.54 601.83
315 131.54 614.32
316 131.54 626.80
317 131.54 639.29
318 131.54 651.77
319 131.54 664.26
320 131.54 676.74
321 143.78 314.67
322 143.78 327.15
323 143.78 339.64
324 143.78 352.12
325 143.78 364.61
326 143.78 377.09
327 143.78 389.58
328 143.78 402.06
329 143.78 414.55
330 143.78 427.03
331 143.78 439.52
332 143.78 452.01
333 143.78 464.49
334 143.78 476.98
335 143.78 489.46
336 143.78 501.95
337 143.78 514.43
338 143.78 526.92
339 143.78 539.40
340 143.78 551.89
341 143.78 564.38
342 143.78 576.86
343 143.78 589.35
344 143.78 601.83
345 143.78 614.32
346 143.78 626.80
347 143.78 639.29
348 143.78 651.77
349 143.78 664.26
350 143.78 676.74
351 156.02 314.67
352 156.02 327.15
353 156.02 339.64
354 156.02 352.12
355 156.02 364.61
356 156.02 377.09
357 156.02 389.58
358 156.02 402.06
359 156.02 414.55
360 156.02 427.03
361 156.02 439.52
362 156.02 452.01
363 156.02 464.49
364 156.02 476.98
365 156.02 489.46
366 156.02 501.95
367 156.02 514.43
368 156.02 526.92
369 156.02 539.40
370 156.02 551.89
371 156.02 564.38
372 156.02 576.86
373 156.02 589.35
374 156.02 601.83
375 156.02 614.32
376 156.02 626.80
377 156.02 639.29
378 156.02 651.77
379 156.02 664.26
380 168.26 314.67
381 168.26 327.15
382 168.26 339.64
383 168.26 352.12
384 168.26 364.61
385 168.26 377.09
386 168.26 389.58
387 168.26 402.06
388 168.26 414.55
389 168.26 427.03
390 168.26 439.52
391 168.26 452.01
392 168.26 464.49
393 168.26 476.98
394 168.26 489.46
395 168.26 501.95
396 168.26 514.43
397 168.26 526.92
398 168.26 539.40
399 168.26 551.89
400 168.26 564.38
401 168.26 576.86
402 168.26 589.35
403 168.26 601.83
404 168.26 614.32
405 168.26 626.80
406 168.26 639.29
407 168.26 651.77
408 168.26 664.26
409 180.51 314.67
410 180.51 327.15
411 180.51 339.64
412 180.51 352.12
413 180.51 364.61
414 180.51 377.09
415 180.51 389.58
416 180.51 402.06
417 180.51 414.55
418 180.51 427.03
419 180.51 439.52
420 180.51 452.01
421 180.51 464.49
422 180.51 476.98
423 180.51 489.46
424 180.51 501.95
425 180.51 514.43
426 180.51 526.92
427 180.51 539.40
428 180.51 551.89
429 180.51 564.38
430 180.51 576.86
431 180.51 589.35
432 180.51 601.83
433 180.51 614.32
434 180.51 626.80
435 180.51 639.29
436 180.51 651.77
437 180.51 664.26
438 192.75 314.67
439 192.75 327.15
440 192.75 339.64
441 192.75 352.12
442 192.75 364.61
443 192.75 377.09
444 192.75 389.58
445 192.75 402.06
446 192.75 414.55
447 192.75 427.03
448 192.75 439.52
449 192.75 452.01
450 192.75 464.49
451 192.75 476.98
452 192.75 489.46
453 192.75 501.95
454 192.75 514.43
455 192.75 526.92
456 192.75 539.40
457 192.75 551.89
458 192.75 564.38
459 192.75 576.86
460 192.75 589.35
461 192.75 601.83
462 192.75 614.32
463 192.75 626.80
464 192.75 639.29
465 192.75 651.77
466 192.75 664.26
467 204.99 314.67
468 204.99 327.15
469 204.99 339.64
470 204.99 352.12
471 204.99 364.61
472 204.99 377.09
473 204.99 389.58
474 204.99 402.06
475 204.99 414.55
476 204.99 427.03
477 204.99 439.52
478 204.99 452.01
479 204.99 464.49
480 204.99 476.98
481 204.99 489.46
482 204.99 501.95
483 204.99 514.43
484 204.99 526.92
485 204.99 539.40
486 204.99 551.89
487 204.99 564.38
488 204.99 576.86
489 204.99 589.35
490 204.99 601.83
491 204.99 614.32
492 204.99 626.80
493 204.99 639.29
494 204.99 651.77
495 204.99 664.26
496 217.24 314.67
497 217.24 327.15
498 217.24 339.64
499 217.24 352.12
500 217.24 364.61
501 217.24 377.09
502 217.24 389.58
503 217.24 402.06
504 217.24 414.55
505 217.24 427.03
506 217.24 439.52
507 217.24 452.01
508 217.24 464.49
509 217.24 476.98
510 217.24 489.46
511 217.24 501.95
512 217.24 514.43
513 217.24 526.92
514 217.24 539.40
515 217.24 551.89
516 217.24 564.38
517 217.24 576.86
518 217.24 589.35
519 217.24 601.83
520 217.24 614.32
521 217.24 626.80
522 217.24 639.29
523 217.24 651.77
524 217.24 664.26
525 229.48 314.67
526 229.48 327.15
527 229.48 339.64
528 229.48 352.12
529 229.48 364.61
530 229.48 377.09
531 229.48 389.58
532 229.48 402.06
533 229.48 414.55
534 229.48 427.03
535 229.48 439.52
536 229.48 452.01
537 229.48 464.49
538 229.48 476.98
539 229.48 489.46
540 229.48 501.95
541 229.48 514.43
542 229.48 526.92
543 229.48 539.40
544 229.48 551.89
545 229.48 564.38
546 229.48 576.86
547 229.48 589.35
548 229.48 601.83
549 229.48 614.32
550 229.48 626.80
551 229.48 639.29
552 229.48 651.77
553 229.48 664.26
554 241.72 302.18
555 241.72 314.67
556 241.72 327.15
557 241.72 339.64
558 241.72 352.12
559 241.72 364.61
560 241.72 377.09
561 241.72 389.58
562 241.72 402.06
563 241.72 414.55
564 241.72 427.03
565 241.72 439.52
566 241.72 452.01
567 241.72 464.49
568 241.72 476.98
569 241.72 489.46
570 241.72 501.95
571 241.72 514.43
572 241.72 526.92
573 241.72 539.40
574 241.72 551.89
575 241.72 564.38
576 241.72 576.86
577 241.72 589.35
578 241.72 601.83
579 241.72 614.32
580 241.72 626.80
581 241.72 639.29
582 241.72 651.77
583 241.72 664.26
584 253.96 314.67
585 253.96 327.15
586 253.96 339.64
587 253.96 352.12
588 253.96 364.61
589 253.96 377.09
590 253.96 389.58
591 253.96 402.06
592 253.96 414.55
593 253.96 427.03
594 253.96 439.52
595 253.96 452.01
596 253.96 464.49
597 253.96 476.98
598 253.96 489.46
599 253.96 501.95
600 253.96 514.43
601 253.96 526.92
602 253.96 539.40
603 253.96 551.89
604 253.96 564.38
605 253.96 576.86
606 253.96 589.35
607 253.96 601.83
608 253.96 614.32
609 253.96 626.80
610 253.96 639.29
611 253.96 651.77
612 253.96 664.26
613 266.20 302.18
614 266.20 314.67
615 266.20 327.15
616 266.20 339.64
617 266.20 352.12
618 266.20 364.61
619 266.20 377.09
620 266.20 389.58
621 266.20 402.06
622 266.20 414.55
623 266.20 427.03
624 266.20 439.52
625 266.20 452.01
626 266.20 464.49
627 266.20 476.98
628 266.20 489.46
629 266.20 501.95
630 266.20 514.43
631 266.20 526.92
632 266.20 539.40
633 266.20 551.89
634 266.20 564.38
635 266.20 576.86
636 266.20 589.35
637 266.20 601.83
638 266.20 614.32
639 266.20 626.80
640 266.20 639.29
641 266.20 651.77
642 266.20 664.26
643 278.45 302.18
644 278.45 314.67
645 278.45 327.15
646 278.45 339.64
647 278.45 352.12
648 278.45 364.61
649 278.45 377.09
650 278.45 389.58
651 278.45 402.06
652 278.45 414.55
653 278.45 427.03
654 278.45 439.52
655 278.45 452.01
656 278.45 464.49
657 278.45 476.98
658 278.45 489.46
659 278.45 501.95
660 278.45 514.43
661 278.45 526.92
662 278.45 539.40
663 278.45 551.89
664 278.45 564.38
665 278.45 576.86
666 278.45 589.35
667 278.45 601.83
668 278.45 614.32
669 278.45 626.80
670 278.45 639.29
671 278.45 651.77
672 278.45 664.26
673 290.69 314.67
674 290.69 327.15
675 290.69 339.64
676 290.69 352.12
677 290.69 364.61
678 290.69 377.09
679 290.69 389.58
680 290.69 402.06
681 290.69 414.55
682 290.69 427.03
683 290.69 439.52
684 290.69 452.01
685 290.69 464.49
686 290.69 476.98
687 290.69 489.46
688 290.69 501.95
689 290.69 514.43
690 290.69 526.92
691 290.69 539.40
692 290.69 551.89
693 290.69 564.38
694 290.69 576.86
695 290.69 589.35
696 290.69 601.83
697 290.69 614.32
698 290.69 626.80
699 290.69 639.29
700 290.69 651.77
701 290.69 664.26
702 302.93 302.18
703 302.93 314.67
704 302.93 327.15
705 302.93 339.64
706 302.93 352.12
707 302.93 364.61
708 302.93 377.09
709 302.93 389.58
710 302.93 402.06
711 302.93 414.55
712 302.93 427.03
713 302.93 439.52
714 302.93 452.01
715 302.93 464.49
716 302.93 476.98
717 302.93 489.46
718 302.93 501.95
719 302.93 514.43
720 302.93 526.92
721 302.93 539.40
722 302.93 551.89
723 302.93 564.38
724 302.93 576.86
725 302.93 589.35
726 302.93 601.83
727 302.93 614.32
728 302.93 626.80
729 302.93 639.29
730 302.93 651.77
731 315.18 302.18
732 315.18 314.67
733 315.18 327.15
734 315.18 339.64
735 315.18 352.12
736 315.18 364.61
737 315.18 377.09
738 315.18 389.58
739 315.18 402.06
740 315.18 414.55
741 315.18 427.03
742 315.18 439.52
743 315.18 452.01
744 315.18 464.49
745 315.18 476.98
746 315.18 489.46
747 315.18 501.95
748 315.18 514.43
749 315.18 526.92
750 315.18 539.40
751 315.18 551.89
752 315.18 564.38
753 315.18 576.86
754 315.18 589.35
755 315.18 601.83
756 315.18 614.32
757 315.18 626.80
758 315.18 639.29
759 315.18 651.77
760 315.18 664.26
761 327.42 302.18
762 327.42 314.67
763 327.42 327.15
764 327.42 339.64
765 327.42 352.12
766 327.42 364.61
767 327.42 377.09
768 327.42 389.58
769 327.42 402.06
770 327.42 414.55
771 327.42 427.03
772 327.42 439.52
773 327.42 452.01
774 327.42 464.49
775 327.42 476.98
776 327.42 489.46
777 327.42 501.95
778 327.42 514.43
779 327.42 526.92
780 327.42 539.40
781 327.42 551.89
782 327.42 564.38
783 327.42 576.86
784 327.42 589.35
785 327.42 601.83
786 327.42 614.32
787 327.42 626.80
788 327.42 639.29
789 327.42 651.77
790 339.66 302.18
791 339.66 314.67
792 339.66 327.15
793 339.66 339.64
794 339.66 352.12
795 339.66 364.61
796 339.66 377.09
797 339.66 389.58
798 339.66 402.06
799 339.66 414.55
800 339.66 427.03
801 339.66 439.52
802 339.66 452.01
803 339.66 464.49
804 339.66 476.98
805 339.66 489.46
806 339.66 501.95
807 339.66 514.43
808 339.66 526.92
809 339.66 539.40
810 339.66 551.89
811 339.66 564.38
812 339.66 576.86
813 339.66 589.35
814 339.66 601.83
815 339.66 614.32
816 339.66 626.80
817 339.66 639.29
818 339.66 651.77
819 351.90 314.67
820 351.90 327.15
821 351.90 339.64
822 351.90 352.12
823 351.90 364.61
824 351.90 377.09
825 351.90 389.58
826 351.90 402.06
827 351.90 414.55
828 351.90 427.03
829 351.90 439.52
830 351.90 452.01
831 351.90 464.49
832 351.90 476.98
833 351.90 489.46
834 351.90 501.95
835 351.90 514.43
836 351.90 526.92
837 351.90 539.40
838 351.90 551.89
839 351.90 564.38
840 351.90 576.86
841 351.90 589.35
842 351.90 601.83
843 351.90 614.32
844 351.90 626.80
845 351.90 639.29
846 351.90 651.77
847 364.14 302.18
848 364.14 314.67
849 364.14 327.15
850 364.14 339.64
851 364.14 352.12
852 364.14 364.61
853 364.14 377.09
854 364.14 389.58
855 364.14 402.06
856 364.14 414.55
857 364.14 427.03
858 364.14 439.52
859 364.14 452.01
860 364.14 464.49
861 364.14 476.98
862 364.14 489.46
863 364.14 501.95
864 364.14 514.43
865 364.14 526.92
866 364.14 539.40
867 364.14 551.89
868 364.14 564.38
869 364.14 576.86
870 364.14 589.35
871 364.14 601.83
872 364.14 614.32
873 364.14 626.80
874 364.14 639.29
875 364.14 651.77
876 376.39 302.18
877 376.39 314.67
878 376.39 327.15
879 376.39 339.64
880 376.39 352.12
881 376.39 364.61
882 376.39 377.09
883 376.39 389.58
884 376.39 402.06
885 376.39 414.55
886 376.39 427.03
887 376.39 439.52
888 376.39 452.01
889 376.39 464.49
890 376.39 476.98
891 376.39 489.46
892 376.39 501.95
893 376.39 514.43
894 376.39 526.92
895 376.39 539.40
896 376.39 551.89
897 376.39 564.38
898 376.39 576.86
899 376.39 589.35
900 376.39 601.83
901 376.39 614.32
902 376.39 626.80
903 376.39 639.29
904 376.39 651.77
905 388.63 314.67
906 388.63 327.15
907 388.63 339.64
908 388.63 352.12
909 388.63 364.61
910 388.63 377.09
911 388.63 389.58
912 388.63 402.06
913 388.63 414.55
914 388.63 427.03
915 388.63 439.52
916 388.63 452.01
917 388.63 464.49
918 388.63 476.98
919 388.63 489.46
920 388.63 501.95
921 388.63 514.43
922 388.63 526.92
923 388.63 539.40
924 388.63 551.89
925 388.63 564.38
926 388.63 576.86
927 388.63 589.35
928 388.63 601.83
929 388.63 614.32
930 388.63 626.80
931 388.63 639.29
932 388.63 651.77
933 400.87 302.18
934 400.87 314.67
935 400.87 327.15
936 400.87 339.64
937 400.87 352.12
938 400.87 364.61
939 400.87 377.09
940 400.87 389.58
941 400.87 402.06
942 400.87 414.55
943 400.87 427.03
944 400.87 439.52
945 400.87 452.01
946 400.87 464.49
947 400.87 476.98
948 400.87 489.46
949 400.87 501.95
950 400.87 514.43
951 400.87 526.92
952 400.87 539.40
953 400.87 551.89
954 400.87 564.38
955 400.87 576.86
956 400.87 589.35
957 400.87 601.83
958 400.87 614.32
959 400.87 626.80
960 400.87 639.29
961 400.87 651.77
962 413.12 314.67
963 413.12 327.15
964 413.12 339.64
965 413.12 352.12
966 413.12 364.61
967 413.12 377.09
968 413.12 389.58
969 413.12 402.06
970 413.12 414.55
971 413.12 427.03
972 413.12 439.52
973 413.12 452.01
974 413.12 464.49
975 413.12 476.98
976 413.12 489.46
977 413.12 501.95
978 413.12 514.43
979 413.12 526.92
980 413.12 539.40
981 413.12 551.89
982 413.12 564.38
983 413.12 576.86
984 413.12 589.35
985 413.12 601.83
986 413.12 614.32
987 413.12 626.80
988 413.12 639.29
989 413.12 651.77
990 425.36 314.67
991 425.36 327.15
992 425.36 339.64
993 425.36 352.12
994 425.36 364.61
995 425.36 377.09
996 425.36 389.58
997 425.36 402.06
998 425.36 414.55
999 425.36 427.03
1000 425.36 439.52
1001 425.36 452.01
1002 425.36 464.49
1003 425.36 476.98
1004 425.36 489.46
1005 425.36 501.95
1006 425.36 514.43
1007 425.36 526.92
1008 425.36 539.40
1009 425.36 551.89
1010 425.36 564.38
1011 425.36 576.86
1012 425.36 589.35
1013 425.36 601.83
1014 425.36 614.32
1015 425.36 626.80
1016 425.36 639.29
1017 437.60 314.67
1018 437.60 327.15
1019 437.60 339.64
1020 437.60 352.12
1021 437.60 364.61
1022 437.60 377.09
1023 437.60 389.58
1024 437.60 402.06
1025 437.60 414.55
1026 437.60 427.03
1027 437.60 439.52
1028 437.60 452.01
1029 437.60 464.49
1030 437.60 476.98
1031 437.60 489.46
1032 437.60 501.95
1033 437.60 514.43
1034 437.60 526.92
1035 437.60 539.40
1036 437.60 551.89
1037 437.60 564.38
1038 437.60 576.86
1039 437.60 589.35
1040 437.60 601.83
1041 437.60 614.32
1042 437.60 626.80
1043 437.60 639.29
1044 449.84 314.67
1045 449.84 327.15
1046 449.84 339.64
1047 449.84 352.12
1048 449.84 364.61
1049 449.84 377.09
1050 449.84 389.58
1051 449.84 402.06
1052 449.84 414.55
1053 449.84 427.03
1054 449.84 439.52
1055 449.84 452.01
1056 449.84 464.49
1057 449.84 476.98
1058 449.84 489.46
1059 449.84 501.95
1060 449.84 514.43
1061 449.84 526.92
1062 449.84 539.40
1063 449.84 551.89
1064 449.84 564.38
1065 449.84 576.86
1066 449.84 589.35
1067 449.84 601.83
1068 449.84 614.32
1069 449.84 626.80
1070 449.84 639.29
1071 462.08 314.67
1072 462.08 327.15
1073 462.08 339.64
1074 462.08 352.12
1075 462.08 364.61
1076 462.08 377.09
1077 462.08 389.58
1078 462.08 402.06
1079 462.08 414.55
1080 462.08 427.03
1081 462.08 439.52
1082 462.08 452.01
1083 462.08 464.49
1084 462.08 476.98
1085 462.08 489.46
1086 462.08 501.95
1087 462.08 514.43
1088 462.08 526.92
1089 462.08 539.40
1090 462.08 551.89
1091 462.08 564.38
1092 462.08 576.86
1093 462.08 589.35
1094 462.08 601.83
1095 462.08 614.32
1096 462.08 626.80
1097 462.08 639.29
1098 462.08 651.77
1099 474.33 314.67
1100 474.33 327.15
1101 474.33 339.64
1102 474.33 352.12
1103 474.33 364.61
1104 474.33 377.09
1105 474.33 389.58
1106 474.33 402.06
1107 474.33 414.55
1108 474.33 427.03
1109 474.33 439.52
1110 474.33 452.01
1111 474.33 464.49
1112 474.33 476.98
1113 474.33 489.46
1114 474.33 501.95
1115 474.33 514.43
1116 474.33 526.92
1117 474.33 539.40
1118 474.33 551.89
1119 474.33 564.38
1120 474.33 576.86
1121 474.33 589.35
1122 474.33 601.83
1123 474.33 614.32
1124 474.33 626.80
1125 474.33 639.29
1126 474.33 651.77
1127 486.57 314.67
1128 486.57 327.15
1129 486.57 339.64
1130 486.57 352.12
1131 486.57 364.61
1132 486.57 377.09
1133 486.57 389.58
1134 486.57 402.06
1135 486.57 414.55
1136 486.57 427.03
1137 486.57 439.52
1138 486.57 452.01
1139 486.57 464.49
1140 486.57 476.98
1141 486.57 489.46
1142 486.57 501.95
1143 486.57 514.43
1144 486.57 526.92
1145 486.57 539.40
1146 486.57 551.89
1147 486.57 564.38
1148 486.57 576.86
1149 486.57 589.35
1150 486.57 601.83
1151 486.57 614.32
1152 486.57 626.80
1153 486.57 639.29
1154 486.57 651.77
1155 498.81 314.67
1156 498.81 327.15
1157 498.81 339.64
1158 498.81 352.12
1159 498.81 364.61
1160 498.81 377.09
1161 498.81 389.58
1162 498.81 402.06
1163 498.81 414.55
1164 498.81 427.03
1165 498.81 439.52
1166 498.81 452.01
1167 498.81 464.49
1168 498.81 476.98
1169 498.81 489.46
1170 498.81 501.95
1171 498.81 514.43
1172 498.81 526.92
1173 498.81 539.40
1174 498.81 551.89
1175 498.81 564.38
1176 498.81 576.86
1177 498.81 589.35
1178 498.81 601.83
1179 498.81 614.32
1180 498.81 626.80
1181 498.81 639.29
1182 498.81 651.77
1183 511.05 314.67
1184 511.05 327.15
1185 511.05 339.64
1186 511.05 352.12
1187 511.05 364.61
1188 511.05 377.09
1189 511.05 389.58
1190 511.05 402.06
1191 511.05 414.55
1192 511.05 427.03
1193 511.05 439.52
1194 511.05 452.01
1195 511.05 464.49
1196 511.05 476.98
1197 511.05 489.46
1198 511.05 501.95
1199 511.05 514.43
1200 511.05 526.92
1201 511.05 539.40
1202 511.05 551.89
1203 511.05 564.38
1204 511.05 576.86
1205 511.05 589.35
1206 511.05 601.83
1207 511.05 614.32
1208 511.05 626.80
1209 511.05 639.29
1210 511.05 651.77
1211 523.30 314.67
1212 523.30 327.15
1213 523.30 339.64
1214 523.30 352.12
1215 523.30 364.61
1216 523.30 377.09
1217 523.30 389.58
1218 523.30 402.06
1219 523.30 414.55
1220 523.30 427.03
1221 523.30 439.52
1222 523.30 452.01
1223 523.30 464.49
1224 523.30 476.98
1225 523.30 489.46
1226 523.30 501.95
1227 523.30 514.43
1228 523.30 526.92
1229 523.30 539.40
1230 523.30 551.89
1231 523.30 564.38
1232 523.30 576.86
1233 523.30 589.35
1234 523.30 601.83
1235 523.30 614.32
1236 523.30 626.80
1237 523.30 639.29
1238 523.30 651.77
1239 535.54 314.67
1240 535.54 327.15
1241 535.54 339.64
1242 535.54 352.12
1243 535.54 364.61
1244 535.54 377.09
1245 535.54 389.58
1246 535.54 402.06
1247 535.54 414.55
1248 535.54 427.03
1249 535.54 439.52
1250 535.54 452.01
1251 535.54 464.49
1252 535.54 476.98
1253 535.54 489.46
1254 535.54 501.95
1255 535.54 514.43
1256 535.54 526.92
1257 535.54 539.40
1258 535.54 551.89
1259 535.54 564.38
1260 535.54 576.86
1261 535.54 589.35
1262 535.54 601.83
1263 535.54 614.32
1264 535.54 626.80
1265 535.54 639.29
1266 535.54 651.77
1267 535.54 664.26
1268 547.78 314.67
1269 547.78 327.15
1270 547.78 339.64
1271 547.78 352.12
1272 547.78 364.61
1273 547.78 377.09
1274 547.78 389.58
1275 547.78 402.06
1276 547.78 414.55
1277 547.78 427.03
1278 547.78 439.52
1279 547.78 452.01
1280 547.78 464.49
1281 547.78 476.98
1282 547.78 489.46
1283 547.78 501.95
1284 547.78 514.43
1285 547.78 526.92
1286 547.78 539.40
1287 547.78 551.89
1288 547.78 564.38
1289 547.78 576.86
1290 547.78 589.35
1291 547.78 601.83
1292 547.78 614.32
1293 547.78 626.80
1294 547.78 639.29
1295 547.78 651.77
1296 547.78 664.26
1297 547.78 676.74
1298 560.02 314.67
1299 560.02 327.15
1300 560.02 339.64
1301 560.02 352.12
1302 560.02 364.61
1303 560.02 377.09
1304 560.02 389.58
1305 560.02 402.06
1306 560.02 414.55
1307 560.02 427.03
1308 560.02 439.52
1309 560.02 452.01
1310 560.02 464.49
1311 560.02 476.98
1312 560.02 489.46
1313 560.02 501.95
1314 560.02 514.43
1315 560.02 526.92
1316 560.02 539.40
1317 560.02 551.89
1318 560.02 564.38
1319 560.02 576.86
1320 560.02 589.35
1321 560.02 601.83
1322 560.02 614.32
1323 560.02 626.80
1324 560.02 639.29
1325 560.02 651.77
1326 560.02 664.26
1327 560.02 676.74
1328 572.27 314.67
1329 572.27 327.15
1330 572.27 339.64
1331 572.27 352.12
1332 572.27 364.61
1333 572.27 377.09
1334 572.27 389.58
1335 572.27 402.06
1336 572.27 414.55
1337 572.27 427.03
1338 572.27 439.52
1339 572.27 452.01
1340 572.27 464.49
1341 572.27 476.98
1342 572.27 489.46
1343 572.27 501.95
1344 572.27 514.43
1345 572.27 526.92
1346 572.27 539.40
1347 572.27 551.89
1348 572.27 564.38
1349 572.27 576.86
1350 572.27 589.35
1351 572.27 601.83
1352 572.27 614.32
1353 572.27 626.80
1354 572.27 639.29
1355 572.27 651.77
1356 572.27 664.26
1357 572.27 676.74
1358 584.51 314.67
1359 584.51 327.15
1360 584.51 339.64
1361 584.51 352.12
1362 584.51 364.61
1363 584.51 377.09
1364 584.51 389.58
1365 584.51 402.06
1366 584.51 414.55
1367 584.51 427.03
1368 584.51 439.52
1369 584.51 452.01
1370 584.51 464.49
1371 584.51 476.98
1372 584.51 489.46
1373 584.51 501.95
1374 584.51 514.43
1375 584.51 526.92
1376 584.51 539.40
1377 584.51 551.89
1378 584.51 564.38
1379 584.51 576.86
1380 584.51 589.35
1381 584.51 601.83
1382 584.51 614.32
1383 584.51 626.80
1384 584.51 639.29
1385 584.51 651.77
1386 584.51 664.26
1387 584.51 676.74
1388 596.75 314.67
1389 596.75 327.15
1390 596.75 339.64
1391 596.75 352.12
1392 596.75 364.61
1393 596.75 377.09
1394 596.75 389.58
1395 596.75 402.06
1396 596.75 414.55
1397 596.75 427.03
1398 596.75 439.52
1399 596.75 452.01
1400 596.75 464.49
1401 596.75 476.98
1402 596.75 489.46
1403 596.75 501.95
1404 596.75 514.43
1405 596.75 526.92
1406 596.75 539.40
1407 596.75 551.89
1408 596.75 564.38
1409 596.75 576.86
1410 596.75 589.35
1411 596.75 601.83
1412 596.75 614.32
1413 596.75 626.80
1414 596.75 639.29
1415 596.75 651.77
1416 596.75 664.26
1417 596.75 676.74
1418 609.00 314.67
1419 609.00 327.15
1420 609.00 339.64
1421 609.00 352.12
1422 609.00 364.61
1423 609.00 377.09
1424 609.00 389.58
1425 609.00 402.06
1426 609.00 414.55
1427 609.00 427.03
1428 609.00 439.52
1429 609.00 452.01
1430 609.00 464.49
1431 609.00 476.98
1432 609.00 489.46
1433 609.00 501.95
1434 609.00 514.43
1435 609.00 526.92
1436 609.00 539.40
1437 609.00 551.89
1438 609.00 564.38
1439 609.00 576.86
1440 609.00 589.35
1441 609.00 601.83
1442 609.00 614.32
1443 609.00 626.80
1444 609.00 639.29
1445 609.00 651.77
1446 609.00 664.26
1447 609.00 676.74
1448 621.24 314.67
1449 621.24 327.15
1450 621.24 339.64
1451 621.24 352.12
1452 621.24 364.61
1453 621.24 377.09
1454 621.24 389.58
1455 621.24 402.06
1456 621.24 414.55
1457 621.24 427.03
1458 621.24 439.52
1459 621.24 452.01
1460 621.24 464.49
1461 621.24 476.98
1462 621.24 489.46
1463 621.24 501.95
1464 621.24 514.43
1465 621.24 526.92
1466 621.24 539.40
1467 621.24 551.89
1468 621.24 564.38
1469 621.24 576.86
1470 621.24 589.35
1471 621.24 601.83
1472 621.24 614.32
1473 621.24 626.80
1474 621.24 639.29
1475 621.24 651.77
1476 621.24 664.26
1477 621.24 676.74
1478 633.48 314.67
1479 633.48 327.15
1480 633.48 339.64
1481 633.48 352.12
1482 633.48 364.61
1483 633.48 377.09
1484 633.48 389.58
1485 633.48 402.06
1486 633.48 414.55
1487 633.48 427.03
1488 633.48 439.52
1489 633.48 452.01
1490 633.48 464.49
1491 633.48 476.98
1492 633.48 489.46
1493 633.48 501.95
1494 633.48 514.43
1495 633.48 526.92
1496 633.48 539.40
1497 633.48 551.89
1498 633.48 564.38
1499 633.48 576.86
1500 633.48 589.35
1501 633.48 601.83
1502 633.48 614.32
1503 633.48 626.80
1504 633.48 639.29
1505 633.48 651.77
1506 633.48 664.26
1507 633.48 676.74
1508 645.72 314.67
1509 645.72 327.15
1510 645.72 339.64
1511 645.72 352.12
1512 645.72 364.61
1513 645.72 377.09
1514 645.72 389.58
1515 645.72 402.06
1516 645.72 414.55
1517 645.72 427.03
1518 645.72 439.52
1519 645.72 452.01
1520 645.72 464.49
1521 645.72 476.98
1522 645.72 489.46
1523 645.72 501.95
1524 645.72 514.43
1525 645.72 526.92
1526 645.72 539.40
1527 645.72 551.89
1528 645.72 564.38
1529 645.72 576.86
1530 645.72 589.35
1531 645.72 601.83
1532 645.72 614.32
1533 645.72 626.80
1534 645.72 639.29
1535 645.72 651.77
1536 645.72 664.26
1537 645.72 676.74
1538 657.96 314.67
1539 657.96 327.15
1540 657.96 339.64
1541 657.96 352.12
1542 657.96 364.61
1543 657.96 377.09
1544 657.96 389.58
1545 657.96 402.06
1546 657.96 414.55
1547 657.96 427.03
1548 657.96 439.52
1549 657.96 452.01
1550 657.96 464.49
1551 657.96 476.98
1552 657.96 489.46
1553 657.96 501.95
1554 657.96 514.43
1555 657.96 526.92
1556 657.96 539.40
1557 657.96 551.89
1558 657.96 564.38
1559 657.96 576.86
1560 657.96 589.35
1561 657.96 601.83
1562 657.96 614.32
1563 657.96 626.80
1564 657.96 639.29
1565 657.96 651.77
1566 657.96 664.26
1567 657.96 676.74
1568 670.21 314.67
1569 670.21 327.15
1570 670.21 339.64
1571 670.21 352.12
1572 670.21 364.61
1573 670.21 377.09
1574 670.21 389.58
1575 670.21 402.06
1576 670.21 414.55
1577 670.21 427.03
1578 670.21 439.52
1579 670.21 452.01
1580 670.21 464.49
1581 670.21 476.98
1582 670.21 489.46
1583 670.21 501.95
1584 670.21 514.43
1585 670.21 526.92
1586 670.21 539.40
1587 670.21 551.89
1588 670.21 564.38
1589 670.21 576.86
1590 670.21 589.35
1591 670.21 601.83
1592 670.21 614.32
1593 670.21 626.80
1594 670.21 639.29
1595 670.21 651.77
1596 670.21 664.26
1597 670.21 676.74
1598 682.45 314.67
1599 682.45 327.15
1600 682.45 339.64
1601 682.45 352.12
1602 682.45 364.61
1603 682.45 377.09
1604 682.45 389.58
1605 682.45 402.06
1606 682.45 414.55
1607 682.45 427.03
1608 682.45 439.52
1609 682.45 452.01
1610 682.45 464.49
1611 682.45 476.98
1612 682.45 489.46
1613 682.45 501.95
1614 682.45 514.43
1615 682.45 526.92
1616 682.45 539.40
1617 682.45 551.89
1618 682.45 564.38
1619 682.45 576.86
1620 682.45 589.35
1621 682.45 601.83
1622 682.45 614.32
1623 682.45 626.80
1624 682.45 639.29
1625 682.45 651.77
1626 682.45 664.26
1627 682.45 676.74
1628 694.69 314.67
1629 694.69 327.15
1630 694.69 339.64
1631 694.69 352.12
1632 694.69 364.61
1633 694.69 377.09
1634 694.69 389.58
1635 694.69 402.06
1636 694.69 414.55
1637 694.69 427.03
1638 694.69 439.52
1639 694.69 452.01
1640 694.69 464.49
1641 694.69 476.98
1642 694.69 489.46
1643 694.69 501.95
1644 694.69 514.43
1645 694.69 526.92
1646 694.69 539.40
1647 694.69 551.89
1648 694.69 564.38
1649 694.69 576.86
1650 694.69 589.35
1651 694.69 601.83
1652 694.69 614.32
1653 694.69 626.80
1654 694.69 639.29
1655 694.69 651.77
1656 694.69 664.26
1657 694.69 676.74
1658 706.94 327.15
1659 706.94 339.64
1660 706.94 352.12
1661 706.94 364.61
1662 706.94 377.09
1663 706.94 389.58
1664 706.94 402.06
1665 706.94 414.55
1666 706.94 427.03
1667 706.94 439.52
1668 706.94 452.01
1669 706.94 464.49
1670 706.94 476.98
1671 706.94 489.46
1672 706.94 501.95
1673 706.94 514.43
1674 706.94 526.92
1675 706.94 539.40
1676 706.94 551.89
1677 706.94 564.38
1678 706.94 576.86
1679 706.94 589.35
1680 706.94 601.83
1681 706.94 614.32
1682 706.94 626.80
1683 706.94 639.29
1684 706.94 651.77
1685 706.94 664.26
1686 706.94 676.74
1687 719.18 439.52
1688 719.18 464.49
1689 719.18 476.98
1690 719.18 489.46
1691 719.18 501.95
1692 719.18 514.43
1693 719.18 526.92
1694 719.18 539.40
1695 719.18 551.89
1696 719.18 564.38
1697 719.18 576.86
1698 719.18 589.35
1699 719.18 601.83
1700 719.18 614.32
1701 719.18 626.80
1702 719.18 639.29
1703 719.18 651.77
1704 719.18 664.26
1705 719.18 676.74
1706 719.18 689.23
1707 731.42 639.29
1708 731.42 651.77
1709 731.42 664.26
1710 731.42 676.74
