# Point ID, X, Y, Z
297 30.072344 468.522785 330.366667
298 50.936193 467.300525 330.366667
264 28.841464 489.996691 330.366667
265 49.872421 488.586214 330.366667
299 72.261090 465.606162 330.366667
266 71.211213 486.878688 330.366667
300 93.693067 463.803035 330.366667
267 92.589813 485.125158 330.366667
301 115.114276 462.009501 330.366667
268 113.968434 483.371887 330.366667
302 136.261109 460.497054 330.366667
269 135.314856 481.666032 330.366667
303 157.542648 458.841434 330.366667
270 156.788061 479.845024 330.366667
304 178.745239 457.248629 330.366667
271 177.647390 478.599302 330.366667
305 199.796555 455.789115 330.366667
272 198.775850 477.059607 330.366667
306 220.763831 454.428028 330.366667
273 219.783213 475.655901 330.366667
307 241.183362 453.727409 330.366667
274 240.289185 474.836320 330.366667
308 261.490841 453.187810 330.366667
275 260.820337 474.005424 330.366667
309 281.627651 452.897806 330.366667
276 280.808486 474.039092 330.366667
310 301.607003 452.927856 330.366667
277 300.801848 474.030651 330.366667
311 321.445115 453.633126 330.366667
278 320.651646 474.607646 330.366667
312 341.335855 454.898217 330.366667
279 340.599972 476.105597 330.366667
313 361.389561 456.732200 330.366667
280 360.510254 477.539231 330.366667
314 381.571672 458.755510 330.366667
281 380.889362 479.872331 330.366667
315 401.851988 460.913745 330.366667
282 401.215209 482.107601 330.366667
316 422.364419 463.451513 330.366667
283 421.744432 484.669320 330.366667
317 443.482559 466.733746 330.366667
284 443.006891 488.107333 330.366667
318 464.507409 469.893396 330.366667
285 463.716668 490.895656 330.366667
319 485.599277 473.104004 330.366667
286 484.990284 494.288687 330.366667
320 506.555289 476.158912 330.366667
287 506.104676 497.522422 330.366667
321 527.512461 479.198492 330.366667
288 527.193133 500.720074 330.366667
322 548.683552 482.504899 330.366667
289 548.328928 503.985384 330.366667
323 569.778155 485.721900 330.366667
290 569.119174 506.842703 330.366667
324 590.866094 488.909589 330.366667
291 590.291200 510.118589 330.366667
325 611.738646 491.842122 330.366667
292 611.315880 513.231039 330.366667
326 632.831691 495.044987 330.366667
293 632.390039 516.412220 330.366667
327 654.087273 498.428054 330.366667
294 653.572867 519.716809 330.366667
328 675.657192 502.117809 330.366667
295 675.157431 523.420737 330.366667
329 696.391072 504.890667 330.366667
296 696.045431 526.393354 330.366667
231 27.686477 511.380060 330.366667
232 48.836409 509.845633 330.366667
233 69.996455 508.318490 330.366667
234 91.167727 506.526041 330.366667
235 112.590526 504.791309 330.366667
236 134.007408 502.924650 330.366667
237 155.221661 501.264062 330.366667
238 176.524148 499.901472 330.366667
239 197.432193 498.351660 330.366667
240 218.581526 497.055988 330.366667
241 239.243715 495.915587 330.366667
242 259.784934 495.386302 330.366667
243 280.177738 495.163138 330.366667
244 300.288977 495.205571 330.366667
245 320.433146 495.885399 330.366667
246 340.705873 497.099147 330.366667
247 361.126096 499.102098 330.366667
248 381.546269 501.029312 330.366667
249 402.314053 503.574550 330.366667
250 423.007895 506.262565 330.366667
251 444.385716 509.360496 330.366667
252 465.625749 512.908230 330.366667
253 486.466560 515.741759 330.366667
254 507.915184 519.179438 330.366667
255 529.085406 522.583084 330.366667
256 549.926372 525.549797 330.366667
257 571.022341 528.797986 330.366667
258 591.751498 531.608090 330.366667
259 612.956500 534.764801 330.366667
260 634.249130 538.199111 330.366667
261 655.336239 541.416226 330.366667
262 676.999041 544.978829 330.366667
263 697.920126 548.291928 330.366667
198 26.202293 533.122638 330.366667
199 47.401461 531.532079 330.366667
200 68.611372 530.195533 330.366667
201 89.764832 528.277409 330.366667
202 110.940357 526.585295 330.366667
203 132.380221 524.973855 330.366667
204 153.594610 522.816367 330.366667
205 174.894464 521.515891 330.366667
206 195.957912 520.072018 330.366667
207 217.010021 518.995349 330.366667
208 237.803623 517.854771 330.366667
209 258.420410 516.929534 330.366667
210 279.021209 516.762073 330.366667
211 299.519322 516.991296 330.366667
212 319.889843 517.689223 330.366667
213 340.440123 518.709660 330.366667
214 361.174609 520.480107 330.366667
215 382.107205 522.687263 330.366667
216 403.215802 525.253799 330.366667
217 424.259854 528.248488 330.366667
218 445.757899 531.025782 330.366667
219 467.120213 534.702128 330.366667
220 488.435300 537.956188 330.366667
221 509.779652 541.161293 330.366667
222 530.923852 544.600283 330.366667
223 552.016794 547.841127 330.366667
224 572.752485 550.697554 330.366667
225 593.800616 553.898839 330.366667
226 614.909422 556.940169 330.366667
227 635.940606 560.056785 330.366667
228 657.279068 563.443946 330.366667
229 678.919728 566.797881 330.366667
230 700.117061 570.693162 330.366667
165 25.119108 554.425878 330.366667
166 46.213440 552.944064 330.366667
167 67.365024 551.758444 330.366667
168 88.576361 549.881519 330.366667
169 109.726410 547.905725 330.366667
170 130.895863 546.295123 330.366667
171 152.319379 544.455091 330.366667
172 173.349837 542.820025 330.366667
173 194.407446 541.247702 330.366667
174 215.700313 540.443477 330.366667
175 236.439804 538.930208 330.366667
176 257.216792 538.085620 330.366667
177 277.784114 537.669805 330.366667
178 298.466653 537.771899 330.366667
179 319.204260 538.618434 330.366667
180 339.844844 539.290087 330.366667
181 360.861998 540.997986 330.366667
182 382.195829 543.355648 330.366667
183 403.670195 546.055410 330.366667
184 425.089030 549.396381 330.366667
185 446.612816 551.873908 330.366667
186 468.264716 555.859553 330.366667
187 489.988068 559.495187 330.366667
188 511.213911 562.521090 330.366667
189 532.650662 566.256125 330.366667
190 553.564288 569.391723 330.366667
191 574.639316 572.562450 330.366667
192 595.695753 575.779837 330.366667
193 616.362504 578.369044 330.366667
194 637.637490 581.623829 330.366667
195 658.995235 585.058935 330.366667
196 680.727612 588.361970 330.366667
197 701.814733 592.416199 330.366667
132 24.150823 575.620562 330.366667
133 45.008354 574.397322 330.366667
134 66.168608 573.411980 330.366667
135 87.348214 571.481119 330.366667
136 108.561331 569.571154 330.366667
137 129.628106 567.561993 330.366667
138 150.794649 565.705940 330.366667
139 172.156983 564.420017 330.366667
140 193.045136 562.071679 330.366667
141 214.298976 561.296826 330.366667
142 235.238433 560.021396 330.366667
143 255.909528 559.016431 330.366667
144 276.625216 558.502966 330.366667
145 297.246957 557.904491 330.366667
146 318.166194 558.509762 330.366667
147 339.321886 559.644454 330.366667
148 360.478472 561.253393 330.366667
149 381.959047 563.547276 330.366667
150 403.606277 566.154572 330.366667
151 425.389416 569.650159 330.366667
152 447.587770 572.699671 330.366667
153 469.420460 576.988590 330.366667
154 491.132410 580.562880 330.366667
155 512.659753 584.018788 330.366667
156 533.908281 587.415273 330.366667
157 555.330673 591.138879 330.366667
158 576.502633 594.433053 330.366667
159 597.545052 597.623012 330.366667
160 618.253303 600.423646 330.366667
161 639.249726 603.188816 330.366667
162 660.699241 606.653510 330.366667
163 682.506169 609.887712 330.366667
164 703.373635 614.084745 330.366667
99 22.925302 597.098474 330.366667
100 43.952581 595.683410 330.366667
101 65.089785 594.968411 330.366667
102 86.206769 593.069967 330.366667
103 107.350519 591.144249 330.366667
104 128.513260 589.230894 330.366667
105 149.613737 586.787958 330.366667
106 170.635577 585.420822 330.366667
107 192.080108 583.636848 330.366667
108 212.811075 582.227428 330.366667
109 233.799275 580.545944 330.366667
110 254.888978 579.564076 330.366667
111 275.434099 578.830927 330.366667
112 296.249495 578.366780 330.366667
113 316.910160 578.187496 330.366667
114 338.459828 579.312163 330.366667
115 359.913772 581.017620 330.366667
116 381.653254 583.202875 330.366667
117 403.474223 586.109136 330.366667
118 425.453990 589.611016 330.366667
119 448.339119 593.064110 330.366667
120 470.155722 597.620016 330.366667
121 492.189858 601.307135 330.366667
122 513.933551 605.191252 330.366667
123 535.457349 608.993069 330.366667
124 556.883749 612.664568 330.366667
125 577.880869 615.821424 330.366667
126 599.193016 619.120819 330.366667
127 620.197760 622.371368 330.366667
128 641.046374 624.927632 330.366667
129 662.233176 628.043790 330.366667
130 684.137943 631.186885 330.366667
131 705.220958 636.123278 330.366667
66 21.780966 618.469477 330.366667
67 42.927042 616.930496 330.366667
68 64.021675 616.547298 330.366667
69 85.041570 614.702679 330.366667
70 106.214473 612.793560 330.366667
71 127.393998 610.659358 330.366667
72 148.441511 608.579189 330.366667
73 169.374724 606.582725 330.366667
74 190.452496 604.650034 330.366667
75 211.865922 603.900195 330.366667
76 232.318515 601.219079 330.366667
77 253.322554 600.376526 330.366667
78 274.307185 599.447316 330.366667
79 294.965571 598.806175 330.366667
80 315.929651 598.668406 330.366667
81 337.113010 598.596684 330.366667
82 359.233784 600.879683 330.366667
83 381.213454 602.963791 330.366667
84 403.221906 605.827034 330.366667
85 425.569900 609.608304 330.366667
86 448.476210 612.623022 330.366667
87 471.232402 618.587339 330.366667
88 492.967895 621.954989 330.366667
89 515.159957 626.158288 330.366667
90 536.936814 630.419484 330.366667
91 558.172811 633.903282 330.366667
92 579.559341 637.544045 330.366667
93 600.477865 640.427165 330.366667
94 621.861933 643.931116 330.366667
95 643.112953 646.902890 330.366667
96 663.997620 649.726726 330.366667
97 685.592237 652.308122 330.366667
98 707.001819 657.993917 330.366667
33 20.657694 639.825937 330.366667
34 41.866741 638.223311 330.366667
35 62.928980 638.134454 330.366667
36 83.993550 636.210856 330.366667
37 105.038234 634.431939 330.366667
38 126.248337 632.522235 330.366667
39 147.225771 629.921070 330.366667
40 168.259893 628.319168 330.366667
41 189.065259 625.966522 330.366667
42 210.163220 625.063529 330.366667
43 231.375699 622.950426 330.366667
44 251.673363 621.034806 330.366667
45 272.764779 620.126196 330.366667
46 293.790376 619.653523 330.366667
47 314.654582 619.137433 330.366667
48 336.066947 618.843325 330.366667
49 357.846016 619.910780 330.366667
50 380.635419 622.605623 330.366667
51 403.148394 625.914762 330.366667
52 425.451213 629.446563 330.366667
53 448.623230 632.337601 330.366667
54 471.518113 638.362777 330.366667
55 494.169042 643.062670 330.366667
56 516.168652 646.944994 330.366667
57 538.038459 651.424081 330.366667
58 559.675991 655.390989 330.366667
59 580.775064 658.732236 330.366667
60 602.098976 662.063967 330.366667
61 623.435680 665.494201 330.366667
62 644.625428 668.371873 330.366667
63 665.945069 671.566059 330.366667
64 687.317050 673.747601 330.366667
65 708.630250 679.648043 330.366667
0 19.583987 661.132033 330.366667
1 40.681394 659.644775 330.366667
2 61.751536 659.785462 330.366667
3 82.885978 657.896339 330.366667
4 103.961438 655.898610 330.366667
5 125.004676 654.099102 330.366667
6 146.205587 651.799195 330.366667
7 166.974745 649.571106 330.366667
8 187.941024 647.585517 330.366667
9 208.802991 646.494693 330.366667
10 229.673117 643.848302 330.366667
11 250.780140 642.527611 330.366667
12 271.080715 640.530853 330.366667
13 292.301689 639.970049 330.366667
14 313.585786 639.695615 330.366667
15 334.735130 638.651045 330.366667
16 356.708062 639.340884 330.366667
17 379.432146 641.249688 330.366667
18 402.899882 645.424528 330.366667
19 425.506975 649.434379 330.366667
20 448.269743 651.487481 330.366667
21 471.772974 657.816245 330.366667
22 494.996137 663.542855 330.366667
23 517.141040 667.759620 330.366667
24 539.130076 672.309743 330.366667
25 560.723206 676.410599 330.366667
26 582.277368 680.218718 330.366667
27 603.674750 683.635046 330.366667
28 625.022446 687.072069 330.366667
29 646.032318 689.840114 330.366667
30 667.541918 693.064402 330.366667
31 689.317908 695.507867 330.366667
32 710.380366 701.488484 330.366667
362 696.975128 483.695293 330.366667
361 676.015496 480.641047 330.366667
360 653.242177 478.023518 330.366667
359 630.863701 473.103241 330.366667
358 609.802652 469.954954 330.366667
357 589.148325 467.023045 330.366667
356 568.067958 464.021085 330.366667
355 546.851785 460.664599 330.366667
354 526.061390 457.771633 330.366667
353 504.763283 454.470461 330.366667
352 483.790857 451.244518 330.366667
351 462.730342 448.127150 330.366667
350 441.749268 444.959161 330.366667
349 420.954727 442.079874 330.366667
348 400.500529 439.418903 330.366667
347 380.249153 437.033498 330.366667
346 360.283301 434.992296 330.366667
345 340.541977 433.356049 330.366667
344 321.027033 432.331783 330.366667
343 301.500834 431.755257 330.366667
342 281.797752 431.445305 330.366667
341 261.925422 431.588325 330.366667
340 241.894341 432.223766 330.366667
339 221.553102 433.144237 330.366667
338 200.768414 434.588696 330.366667
337 180.012144 435.972485 330.366667
336 158.812736 437.289170 330.366667
335 137.641730 439.034236 330.366667
334 116.472796 440.637105 330.366667
333 95.078470 442.353045 330.366667
332 73.724929 444.188645 330.366667
331 52.385744 445.865502 330.366667
330 31.269961 447.305019 330.366667
395 697.373921 462.279416 330.366667
394 676.393264 459.199457 330.366667
393 653.522198 458.995657 330.366667
392 629.824459 452.432908 330.366667
391 607.992812 448.188247 330.366667
390 587.158824 445.067626 330.366667
389 566.212849 442.188812 330.366667
388 545.443973 439.274191 330.366667
387 524.246833 435.956999 330.366667
386 503.242076 433.018497 330.366667
385 481.895255 429.419841 330.366667
384 460.810074 426.219984 330.366667
383 440.168878 423.312778 330.366667
382 419.153129 420.230054 330.366667
381 398.781734 417.350500 330.366667
380 378.661910 415.032617 330.366667
379 358.833153 412.890800 330.366667
378 339.392367 411.358507 330.366667
377 320.057005 410.121149 330.366667
376 300.865962 409.539618 330.366667
375 281.651400 409.584597 330.366667
374 262.092794 409.696529 330.366667
373 242.277349 410.304177 330.366667
372 222.214666 411.319978 330.366667
371 201.717715 412.698036 330.366667
370 181.222913 414.538642 330.366667
369 160.146817 415.766956 330.366667
368 138.906230 417.413103 330.366667
367 117.721855 419.347949 330.366667
366 96.481406 421.012693 330.366667
365 75.101284 422.720605 330.366667
364 53.852183 424.500937 330.366667
363 32.634452 425.959605 330.366667
428 697.777188 440.857895 330.366667
427 676.750894 437.722683 330.366667
426 654.049462 439.935990 330.366667
425 629.802158 433.795250 330.366667
424 606.359008 426.481993 330.366667
423 585.031381 422.938593 330.366667
422 564.583229 420.570878 330.366667
421 543.577863 417.444391 330.366667
420 522.705567 414.430900 330.366667
419 501.435297 411.250522 330.366667
418 480.079799 407.665066 330.366667
417 459.171746 404.568348 330.366667
416 438.178454 401.261011 330.366667
415 417.263087 398.287229 330.366667
414 396.842068 394.997520 330.366667
413 376.858116 392.748356 330.366667
412 357.252362 390.675795 330.366667
411 337.759034 388.811835 330.366667
410 318.565188 387.339108 330.366667
409 299.640907 386.669289 330.366667
408 280.782202 386.884028 330.366667
407 261.791445 387.445157 330.366667
406 242.379784 388.122664 330.366667
405 222.535786 388.993955 330.366667
404 202.360871 390.514751 330.366667
403 182.020958 392.837444 330.366667
402 161.257446 394.359075 330.366667
401 140.263159 395.911163 330.366667
400 118.889256 397.540585 330.366667
399 97.864524 399.630514 330.366667
398 76.558666 401.341929 330.366667
397 55.233166 403.033336 330.366667
396 34.063810 404.648583 330.366667
461 698.140951 419.388536 330.366667
460 677.108517 416.245910 330.366667
459 654.469741 420.492036 330.366667
458 630.292059 415.905751 330.366667
457 605.539583 406.520812 330.366667
456 583.170937 400.971604 330.366667
455 562.438931 398.361716 330.366667
454 541.628078 395.463057 330.366667
453 520.780151 392.406506 330.366667
452 499.749242 389.563184 330.366667
451 478.448519 386.102518 330.366667
450 457.283410 382.599686 330.366667
449 436.298692 379.286145 330.366667
448 415.239563 376.226100 330.366667
447 394.927418 372.720064 330.366667
446 375.020444 370.499955 330.366667
445 355.354425 368.125452 330.366667
444 336.032510 366.303948 330.366667
443 316.868926 364.639362 330.366667
442 298.053321 363.820654 330.366667
441 279.361861 363.935371 330.366667
440 260.589561 364.416592 330.366667
439 241.796028 365.541650 330.366667
438 222.485848 366.567382 330.366667
437 202.496379 367.990733 330.366667
436 182.518089 370.658202 330.366667
435 162.104271 372.219539 330.366667
434 141.455201 374.386705 330.366667
433 120.280534 375.980935 330.366667
432 99.009184 377.780544 330.366667
431 78.028048 379.826935 330.366667
430 56.732157 381.609551 330.366667
429 35.452382 383.171871 330.366667
494 698.423587 397.830927 330.366667
493 677.406415 394.707243 330.366667
492 655.016189 401.003243 330.366667
491 630.932988 398.021973 330.366667
490 605.244970 388.520293 330.366667
489 581.455356 379.044226 330.366667
488 560.383571 376.260958 330.366667
487 539.471258 373.246356 330.366667
486 518.682860 370.203284 330.366667
485 497.839838 367.588392 330.366667
484 476.791878 364.406879 330.366667
483 455.502810 360.772951 330.366667
482 434.475302 357.357093 330.366667
481 413.374221 354.355054 330.366667
480 392.923697 350.326853 330.366667
479 373.098241 348.155604 330.366667
478 353.467742 345.659716 330.366667
477 334.157141 343.748170 330.366667
476 315.160893 342.119104 330.366667
475 296.337287 340.988800 330.366667
474 277.677646 340.925871 330.366667
473 259.023133 341.294584 330.366667
472 240.278510 342.352301 330.366667
471 221.545025 343.613064 330.366667
470 202.188940 345.150230 330.366667
469 182.513248 348.099774 330.366667
468 162.511710 349.828229 330.366667
467 142.140849 352.178074 330.366667
466 121.548016 354.255308 330.366667
465 100.383047 356.252964 330.366667
464 79.088812 358.140816 330.366667
463 58.204870 360.181337 330.366667
462 36.946450 361.697399 330.366667
527 698.526034 376.030019 330.366667
526 677.635493 373.075310 330.366667
525 655.235238 380.871102 330.366667
524 631.541648 379.425865 330.366667
523 605.376307 371.757185 330.366667
522 579.960651 357.627145 330.366667
521 558.299004 353.936585 330.366667
520 537.260556 350.828153 330.366667
519 516.479162 347.753038 330.366667
518 495.641898 345.221529 330.366667
517 474.736224 342.143784 330.366667
516 453.705678 338.773618 330.366667
515 432.551922 335.147528 330.366667
514 411.467939 332.260195 330.366667
513 390.897801 327.699324 330.366667
512 371.003856 325.427625 330.366667
511 351.415314 322.831495 330.366667
510 332.146193 320.806594 330.366667
509 313.114904 318.960352 330.366667
508 294.436600 317.688723 330.366667
507 275.845284 317.476667 330.366667
506 257.242821 317.738954 330.366667
505 238.628409 318.756199 330.366667
504 219.838416 319.839483 330.366667
503 200.908643 321.414756 330.366667
502 181.966677 324.881170 330.366667
501 162.359675 326.672873 330.366667
500 142.517621 329.360855 330.366667
499 122.237900 331.628262 330.366667
498 101.738369 334.094350 330.366667
497 80.653950 336.155996 330.366667
496 59.450394 338.272665 330.366667
495 38.582518 340.065130 330.366667
560 699.030778 354.747920 330.366667
559 678.116723 351.765019 330.366667
558 655.453503 361.008882 330.366667
557 632.152752 360.760030 330.366667
556 606.302021 356.071174 330.366667
555 578.818536 339.139366 330.366667
554 555.870999 331.186434 330.366667
553 535.857909 329.570752 330.366667
552 514.541429 325.910413 330.366667
551 493.643783 323.336794 330.366667
550 472.828413 320.320773 330.366667
549 451.974469 317.130304 330.366667
548 431.044374 313.707560 330.366667
547 409.711144 310.619379 330.366667
546 389.212502 305.696820 330.366667
545 369.361302 303.462582 330.366667
544 349.670431 300.694263 330.366667
543 330.287802 298.438450 330.366667
542 311.184225 296.257843 330.366667
541 292.419309 294.673610 330.366667
540 273.932220 294.534035 330.366667
539 255.379205 294.809412 330.366667
538 236.774551 295.743824 330.366667
537 218.102686 296.689078 330.366667
536 198.953459 297.861418 330.366667
535 180.199380 301.814418 330.366667
534 161.155421 303.716684 330.366667
533 141.827696 306.697543 330.366667
532 122.142619 309.205052 330.366667
531 102.010977 311.901388 330.366667
530 81.613850 314.482785 330.366667
529 60.649471 316.848883 330.366667
528 39.653461 318.658695 330.366667
