# Point ID, X, Y, Z
297 30.020638 468.585019 527.966667
298 50.153441 468.242716 527.966667
264 29.675921 488.992265 527.966667
265 49.858411 488.594177 527.966667
299 70.430577 467.761313 527.966667
266 70.141532 488.107235 527.966667
300 90.734459 467.246651 527.966667
267 90.387310 487.647820 527.966667
301 110.908220 466.864197 527.966667
268 110.621610 487.202721 527.966667
302 131.023578 466.554226 527.966667
269 130.748058 486.880079 527.966667
303 151.250312 466.118572 527.966667
270 150.916579 486.504078 527.966667
304 171.598670 465.564543 527.966667
271 171.128495 486.091967 527.966667
305 192.135703 464.819452 527.966667
272 191.601793 485.406281 527.966667
306 213.379101 463.530986 527.966667
273 212.911692 484.074579 527.966667
307 234.921712 462.051655 527.966667
274 234.786949 482.421936 527.966667
308 256.939350 460.334524 527.966667
275 256.894656 480.665835 527.966667
309 279.082066 458.567553 527.966667
276 278.866494 478.974555 527.966667
310 301.070103 456.864359 527.966667
277 301.079057 477.174162 527.966667
311 322.691546 455.315229 527.966667
278 322.851685 475.560687 527.966667
312 343.974935 453.913329 527.966667
279 344.078834 474.185137 527.966667
313 364.792339 452.746018 527.966667
280 365.212154 472.872823 527.966667
314 385.351512 451.671538 527.966667
281 385.563769 471.922897 527.966667
315 405.567908 450.838577 527.966667
282 405.884861 471.010291 527.966667
316 425.440478 450.384740 527.966667
283 425.794767 470.485839 527.966667
317 445.337346 450.180968 527.966667
284 445.814279 470.445771 527.966667
318 465.497959 450.281829 527.966667
285 465.867907 470.445959 527.966667
319 485.770274 450.455439 527.966667
286 486.340528 470.753710 527.966667
320 506.114040 450.668319 527.966667
287 506.749235 471.017674 527.966667
321 526.485108 450.893623 527.966667
288 527.135872 471.255880 527.966667
322 546.771875 451.053960 527.966667
289 547.451789 471.442749 527.966667
323 567.030388 451.186849 527.966667
290 567.614935 471.482957 527.966667
324 587.288939 451.313766 527.966667
291 587.897677 471.630555 527.966667
325 607.483291 451.371635 527.966667
292 608.142505 471.737490 527.966667
326 627.743813 451.503275 527.966667
293 628.395097 471.861665 527.966667
327 648.055557 451.681255 527.966667
294 648.686009 472.021332 527.966667
328 668.476386 451.939919 527.966667
295 669.111464 472.283608 527.966667
329 688.620545 451.956818 527.966667
296 689.305070 472.353475 527.966667
231 29.354175 509.372083 527.966667
232 49.571343 508.938262 527.966667
233 69.797891 508.507493 527.966667
234 89.996217 508.012461 527.966667
235 110.245732 507.573565 527.966667
236 130.419143 507.185890 527.966667
237 150.548755 506.893751 527.966667
238 170.825819 506.524252 527.966667
239 191.107091 505.822201 527.966667
240 212.342152 504.670105 527.966667
241 234.082584 502.889141 527.966667
242 255.947071 501.090039 527.966667
243 278.169460 499.447759 527.966667
244 300.171215 497.556229 527.966667
245 322.042422 495.973965 527.966667
246 343.420062 494.526295 527.966667
247 364.464801 493.248457 527.966667
248 385.111478 492.225994 527.966667
249 405.443308 491.336763 527.966667
250 425.542240 490.722020 527.966667
251 445.828159 490.532764 527.966667
252 466.217474 490.861777 527.966667
253 486.639487 490.972896 527.966667
254 507.273217 491.415111 527.966667
255 527.624033 491.686342 527.966667
256 547.813654 491.772910 527.966667
257 568.059455 491.932065 527.966667
258 588.198668 491.930288 527.966667
259 608.504422 492.057297 527.966667
260 628.812067 492.245054 527.966667
261 649.067974 492.372620 527.966667
262 669.505836 492.581785 527.966667
263 689.727729 492.770434 527.966667
198 28.932730 529.860191 527.966667
199 49.166852 529.407089 527.966667
200 69.412562 529.039769 527.966667
201 89.617381 528.484177 527.966667
202 109.768162 528.061770 527.966667
203 130.029565 527.704640 527.966667
204 150.164539 527.174141 527.966667
205 170.505718 526.924779 527.966667
206 190.819025 526.198153 527.966667
207 211.895938 525.247012 527.966667
208 233.428972 523.626334 527.966667
209 255.161749 521.590796 527.966667
210 277.241355 519.954027 527.966667
211 299.135822 518.122577 527.966667
212 320.870325 516.537995 527.966667
213 342.377841 515.165355 527.966667
214 363.468470 513.789383 527.966667
215 384.268385 512.714891 527.966667
216 404.744205 511.896329 527.966667
217 425.031077 511.457855 527.966667
218 445.486906 510.730764 527.966667
219 466.232894 511.085117 527.966667
220 486.956815 511.349533 527.966667
221 507.635661 511.711568 527.966667
222 528.162704 512.200776 527.966667
223 548.349939 512.355655 527.966667
224 568.450614 512.362944 527.966667
225 588.680443 512.474730 527.966667
226 608.941244 512.551188 527.966667
227 629.190767 512.662364 527.966667
228 649.512567 512.831593 527.966667
229 669.938901 512.977635 527.966667
230 690.212291 513.299658 527.966667
165 28.632926 550.209329 527.966667
166 48.835253 549.788748 527.966667
167 69.063491 549.470405 527.966667
168 89.293108 548.936805 527.966667
169 109.471894 548.292800 527.966667
170 129.600352 547.999965 527.966667
171 149.909361 547.696603 527.966667
172 170.095508 547.291544 527.966667
173 190.470107 546.672001 527.966667
174 211.667521 545.881784 527.966667
175 232.812886 544.135152 527.966667
176 254.637351 542.354225 527.966667
177 276.381777 540.434499 527.966667
178 298.171669 538.482360 527.966667
179 319.928411 536.902492 527.966667
180 341.428796 535.417899 527.966667
181 362.638599 534.065097 527.966667
182 383.438839 532.884887 527.966667
183 403.950577 532.041504 527.966667
184 424.400572 531.471275 527.966667
185 444.935420 530.487157 527.966667
186 465.835476 530.727584 527.966667
187 486.917080 531.248781 527.966667
188 507.951167 531.899220 527.966667
189 528.488867 532.485259 527.966667
190 548.756010 532.742071 527.966667
191 568.932984 532.819266 527.966667
192 589.120104 532.891946 527.966667
193 609.255247 532.842260 527.966667
194 629.556940 532.973528 527.966667
195 649.896986 533.168121 527.966667
196 670.346612 533.297793 527.966667
197 690.583884 533.653601 527.966667
132 28.365655 570.535292 527.966667
133 48.500056 570.188115 527.966667
134 68.732965 569.936975 527.966667
135 88.949799 569.389018 527.966667
136 109.117823 568.868612 527.966667
137 129.229502 568.229882 527.966667
138 149.455522 567.992610 527.966667
139 169.857859 567.955218 527.966667
140 190.092481 567.079211 527.966667
141 211.211280 566.713349 527.966667
142 232.355298 564.915371 527.966667
143 253.965269 563.006465 527.966667
144 275.859696 561.213138 527.966667
145 297.462662 558.821507 527.966667
146 319.126795 557.071921 527.966667
147 340.637596 555.587849 527.966667
148 361.741610 554.145307 527.966667
149 382.689318 552.994466 527.966667
150 403.240705 551.760911 527.966667
151 423.715753 551.099217 527.966667
152 444.375443 550.069433 527.966667
153 465.356409 550.194122 527.966667
154 486.585651 550.794089 527.966667
155 507.826815 551.603058 527.966667
156 528.711138 552.592544 527.966667
157 549.132557 553.098041 527.966667
158 569.429430 553.304792 527.966667
159 589.593195 553.349735 527.966667
160 609.685033 553.311986 527.966667
161 629.916220 553.311183 527.966667
162 650.265325 553.494481 527.966667
163 670.751627 553.621367 527.966667
164 690.920826 554.000845 527.966667
99 28.023860 590.942587 527.966667
100 48.206291 590.541478 527.966667
101 68.435378 590.375554 527.966667
102 88.615257 589.856875 527.966667
103 108.773588 589.225646 527.966667
104 128.936085 588.723238 527.966667
105 149.023242 588.302464 527.966667
106 169.324134 588.390754 527.966667
107 189.833464 588.015291 527.966667
108 210.600479 587.533430 527.966667
109 232.066909 585.827590 527.966667
110 253.587448 583.789249 527.966667
111 275.171533 581.841378 527.966667
112 297.107595 579.620509 527.966667
113 318.455754 577.331549 527.966667
114 339.805650 575.636544 527.966667
115 361.170695 574.126689 527.966667
116 381.876347 572.792587 527.966667
117 402.695862 571.682522 527.966667
118 422.988921 570.549929 527.966667
119 443.820965 569.529034 527.966667
120 464.776120 569.507302 527.966667
121 486.183194 570.112768 527.966667
122 507.560259 571.117751 527.966667
123 528.749558 572.496200 527.966667
124 549.484099 573.407304 527.966667
125 569.711791 573.577829 527.966667
126 590.037566 573.736876 527.966667
127 610.188540 573.801308 527.966667
128 630.317956 573.689149 527.966667
129 650.600506 573.780260 527.966667
130 671.102984 573.869946 527.966667
131 691.335611 574.443247 527.966667
66 27.706749 611.310717 527.966667
67 47.923854 610.873940 527.966667
68 68.142933 610.814945 527.966667
69 88.290443 610.283253 527.966667
70 108.475366 609.670568 527.966667
71 128.572030 608.987653 527.966667
72 148.736144 608.763329 527.966667
73 168.925473 608.710603 527.966667
74 189.301034 608.359595 527.966667
75 210.546223 608.624407 527.966667
76 231.734351 606.616426 527.966667
77 253.195746 604.738141 527.966667
78 274.830740 602.637412 527.966667
79 296.450279 600.225472 527.966667
80 318.067727 598.155899 527.966667
81 339.024015 595.855464 527.966667
82 360.216094 594.284308 527.966667
83 381.109766 592.778293 527.966667
84 401.837132 591.514800 527.966667
85 422.392253 590.419194 527.966667
86 443.110250 588.866386 527.966667
87 464.314309 589.004998 527.966667
88 485.699378 589.401017 527.966667
89 507.291990 590.554698 527.966667
90 528.582592 592.143516 527.966667
91 549.511168 593.352662 527.966667
92 570.112926 593.973246 527.966667
93 590.296998 593.985810 527.966667
94 610.644251 594.205582 527.966667
95 630.859942 594.183678 527.966667
96 650.991984 594.132926 527.966667
97 671.417171 594.078942 527.966667
98 691.725035 594.818099 527.966667
33 27.392754 631.684819 527.966667
34 47.630691 631.227313 527.966667
35 67.842989 631.261952 527.966667
36 88.019155 630.691528 527.966667
37 108.122892 630.102359 527.966667
38 128.284313 629.501408 527.966667
39 148.396950 628.967718 527.966667
40 168.664256 629.132542 527.966667
41 189.013998 628.650985 527.966667
42 210.124612 629.074231 527.966667
43 231.730330 627.739765 527.966667
44 252.911210 625.465247 527.966667
45 274.437292 623.603804 527.966667
46 295.969663 621.100621 527.966667
47 317.259157 618.800282 527.966667
48 338.535818 616.763142 527.966667
49 359.197549 614.563258 527.966667
50 380.139569 612.924819 527.966667
51 400.872806 611.704859 527.966667
52 421.473540 610.484909 527.966667
53 442.423375 608.565247 527.966667
54 463.587584 608.278698 527.966667
55 485.165623 608.693863 527.966667
56 506.864614 609.802622 527.966667
57 528.320356 611.643224 527.966667
58 549.379181 613.121215 527.966667
59 570.150695 613.970186 527.966667
60 590.694126 614.375962 527.966667
61 610.985064 614.535527 527.966667
62 631.278605 614.577370 527.966667
63 651.507415 614.600132 527.966667
64 671.800460 614.374818 527.966667
65 692.075075 615.150735 527.966667
0 27.095752 652.041918 527.966667
1 47.298067 651.620742 527.966667
2 67.518531 651.728188 527.966667
3 87.721886 651.178933 527.966667
4 107.877951 650.400150 527.966667
5 127.933969 649.787427 527.966667
6 148.211426 649.565805 527.966667
7 168.298928 649.374845 527.966667
8 188.727660 649.173858 527.966667
9 209.847819 649.676017 527.966667
10 231.049975 648.209767 527.966667
11 252.915804 646.735686 527.966667
12 274.058955 644.295359 527.966667
13 295.541408 641.995162 527.966667
14 316.739647 639.594791 527.966667
15 337.806516 637.258849 527.966667
16 358.787355 635.265258 527.966667
17 379.173533 632.979294 527.966667
18 399.856531 631.658613 527.966667
19 420.579624 630.273404 527.966667
20 441.467316 627.939929 527.966667
21 462.856501 627.540081 527.966667
22 484.433591 627.753589 527.966667
23 506.431304 629.015123 527.966667
24 527.949276 631.031749 527.966667
25 549.077007 632.687850 527.966667
26 570.056737 633.799808 527.966667
27 590.861689 634.516245 527.966667
28 611.382894 634.919611 527.966667
29 631.571455 634.880665 527.966667
30 651.954879 635.009685 527.966667
31 672.335301 634.828874 527.966667
32 692.458033 635.524979 527.966667
362 688.012687 431.641811 527.966667
361 667.796773 431.551120 527.966667
360 647.492172 431.200431 527.966667
359 627.316299 431.118092 527.966667
358 607.038895 430.950625 527.966667
357 586.910978 430.896111 527.966667
356 566.654103 430.822717 527.966667
355 546.362673 430.653499 527.966667
354 526.188804 430.614423 527.966667
353 505.819557 430.468642 527.966667
352 485.249720 430.066902 527.966667
351 465.049880 429.854515 527.966667
350 445.056494 429.869008 527.966667
349 425.266931 430.054721 527.966667
348 405.545566 430.532864 527.966667
347 385.609707 431.306153 527.966667
346 365.176791 432.239883 527.966667
345 344.440052 433.489759 527.966667
344 323.235801 434.937938 527.966667
343 301.705975 436.510541 527.966667
342 279.919360 438.170708 527.966667
341 257.801460 439.852660 527.966667
340 235.813779 441.598591 527.966667
339 214.274858 443.101429 527.966667
338 192.744152 444.393703 527.966667
337 172.260822 445.308747 527.966667
336 151.713662 445.703426 527.966667
335 131.442118 446.188250 527.966667
334 111.301515 446.441280 527.966667
333 91.031167 446.748559 527.966667
332 70.854053 447.373394 527.966667
331 50.571285 447.849857 527.966667
330 30.360439 448.256551 527.966667
395 687.346231 411.276246 527.966667
394 667.120829 411.175988 527.966667
393 646.820270 410.619226 527.966667
392 626.765171 410.620717 527.966667
391 606.684765 410.648618 527.966667
390 586.444284 410.454113 527.966667
389 566.243846 410.434137 527.966667
388 546.073518 410.386759 527.966667
387 525.783360 410.227449 527.966667
386 505.398163 410.086442 527.966667
385 484.847539 409.772357 527.966667
384 464.513555 409.339327 527.966667
383 444.569045 409.272875 527.966667
382 424.903928 409.371299 527.966667
381 405.334578 409.606373 527.966667
380 385.664100 410.569157 527.966667
379 365.503364 411.593598 527.966667
378 344.839822 412.797038 527.966667
377 323.831313 414.298028 527.966667
376 302.429720 415.935282 527.966667
375 280.586060 417.751275 527.966667
374 258.717278 419.504821 527.966667
373 236.620710 421.135916 527.966667
372 214.937822 422.866859 527.966667
371 193.528351 424.099819 527.966667
370 172.898039 425.157308 527.966667
369 152.345914 425.529076 527.966667
368 131.904942 425.807225 527.966667
367 111.653533 426.291381 527.966667
366 91.397182 426.418276 527.966667
365 71.115857 426.850312 527.966667
364 50.993089 427.488077 527.966667
363 30.751243 427.897540 527.966667
428 686.679880 390.900867 527.966667
427 666.442944 390.789125 527.966667
426 646.160478 390.032699 527.966667
425 626.122641 390.028225 527.966667
424 606.114954 390.099544 527.966667
423 585.986941 390.010740 527.966667
422 565.879631 390.078722 527.966667
421 545.664691 389.997671 527.966667
420 525.429666 389.888809 527.966667
419 504.960767 389.726343 527.966667
418 484.445500 389.465795 527.966667
417 464.044301 388.880186 527.966667
416 443.933805 388.509790 527.966667
415 424.208682 388.231753 527.966667
414 404.859097 388.314756 527.966667
413 385.347398 389.386409 527.966667
412 365.579798 390.591843 527.966667
411 345.212239 391.892268 527.966667
410 324.323102 393.396556 527.966667
409 303.027244 395.151146 527.966667
408 281.278012 397.012020 527.966667
407 259.372377 399.083578 527.966667
406 237.523313 400.867088 527.966667
405 215.494621 402.402582 527.966667
404 194.242672 404.021505 527.966667
403 173.550408 405.220054 527.966667
402 152.900840 405.527643 527.966667
401 132.513194 405.787951 527.966667
400 112.029780 405.854280 527.966667
399 91.843279 406.158986 527.966667
398 71.500336 406.490248 527.966667
397 51.256850 406.976041 527.966667
396 31.153414 407.535119 527.966667
461 686.000058 370.512075 527.966667
460 665.761183 370.398399 527.966667
459 645.458892 369.393490 527.966667
458 625.464800 369.392565 527.966667
457 605.437153 369.456825 527.966667
456 585.461522 369.511053 527.966667
455 565.400658 369.581882 527.966667
454 545.219119 369.550181 527.966667
453 524.998568 369.453894 527.966667
452 504.575860 369.403479 527.966667
451 483.993357 369.113925 527.966667
450 463.617117 368.483389 527.966667
449 443.450576 367.955611 527.966667
448 423.594005 367.445302 527.966667
447 404.167251 367.106861 527.966667
446 384.768120 368.018604 527.966667
445 365.146606 369.290912 527.966667
444 345.174880 370.818295 527.966667
443 324.588797 372.469543 527.966667
442 303.368077 374.213336 527.966667
441 281.827456 376.201700 527.966667
440 259.995534 378.270789 527.966667
439 238.260997 380.442912 527.966667
438 216.421461 382.104100 527.966667
437 194.918902 383.521779 527.966667
436 174.406966 385.219607 527.966667
435 153.690811 385.463374 527.966667
434 133.137943 385.787076 527.966667
433 112.681832 385.850500 527.966667
432 92.165351 385.691392 527.966667
431 71.977053 386.133930 527.966667
430 51.660812 386.618089 527.966667
429 31.413104 387.043436 527.966667
494 685.294955 350.107584 527.966667
493 665.059951 349.997883 527.966667
492 644.816480 348.815735 527.966667
491 624.772141 348.749701 527.966667
490 604.777199 348.840466 527.966667
489 584.767280 348.840932 527.966667
488 564.791945 348.984538 527.966667
487 544.728857 349.055831 527.966667
486 524.453412 348.909450 527.966667
485 504.102490 348.953893 527.966667
484 483.636896 348.825381 527.966667
483 463.215496 348.119975 527.966667
482 443.108377 347.585565 527.966667
481 423.255947 347.027917 527.966667
480 403.630924 346.195901 527.966667
479 384.094198 346.777413 527.966667
478 364.471288 347.885294 527.966667
477 344.641639 349.427645 527.966667
476 324.430644 351.320916 527.966667
475 303.568579 353.215550 527.966667
474 282.149031 355.222362 527.966667
473 260.581338 357.468276 527.966667
472 238.879480 359.599842 527.966667
471 217.505353 361.591727 527.966667
470 196.002766 363.144085 527.966667
469 175.135300 364.876223 527.966667
468 154.614427 365.509231 527.966667
467 133.894777 365.790115 527.966667
466 113.338828 365.867080 527.966667
465 92.801920 365.711408 527.966667
464 72.246708 365.738052 527.966667
463 52.120741 366.316953 527.966667
462 31.820011 366.644202 527.966667
527 684.530052 329.629422 527.966667
526 664.338255 329.567571 527.966667
525 644.027921 328.043828 527.966667
524 624.025888 327.986340 527.966667
523 604.038007 328.074230 527.966667
522 584.039112 328.082001 527.966667
521 564.043355 328.203579 527.966667
520 544.054671 328.340836 527.966667
519 523.872095 328.313074 527.966667
518 503.546215 328.389894 527.966667
517 483.214011 328.408142 527.966667
516 462.875425 327.754234 527.966667
515 442.713416 327.067166 527.966667
514 422.891575 326.403379 527.966667
513 403.297600 325.284957 527.966667
512 383.653408 325.577105 527.966667
511 363.892536 326.422659 527.966667
510 344.023905 327.831745 527.966667
509 323.912045 329.692828 527.966667
508 303.480567 331.811615 527.966667
507 282.434537 334.020800 527.966667
506 261.033887 336.375735 527.966667
505 239.592843 338.732298 527.966667
504 218.265126 340.803525 527.966667
503 197.025085 342.723181 527.966667
502 176.191741 344.762220 527.966667
501 155.344166 345.188255 527.966667
500 134.854685 345.818258 527.966667
499 114.112568 345.820837 527.966667
498 93.527975 345.565028 527.966667
497 72.970615 345.531273 527.966667
496 52.454581 345.841755 527.966667
495 32.324105 346.298434 527.966667
560 683.896029 309.291327 527.966667
559 663.696888 309.222194 527.966667
558 643.343639 307.443323 527.966667
557 623.322036 307.341992 527.966667
556 603.363332 307.450324 527.966667
555 583.388288 307.478152 527.966667
554 563.409367 307.625465 527.966667
553 543.348502 307.703060 527.966667
552 523.297685 307.818482 527.966667
551 503.112033 308.046831 527.966667
550 482.828014 308.113401 527.966667
549 462.560461 307.511135 527.966667
548 442.336525 306.654438 527.966667
547 422.445509 305.719103 527.966667
546 402.913458 304.340613 527.966667
545 383.269050 304.597931 527.966667
544 363.412516 305.300557 527.966667
543 343.372104 306.493285 527.966667
542 323.250776 308.179433 527.966667
541 302.826180 310.174120 527.966667
540 282.152534 312.622427 527.966667
539 261.075580 315.293253 527.966667
538 239.845001 317.848092 527.966667
537 218.698047 320.243720 527.966667
536 197.521634 322.252371 527.966667
535 177.007283 324.881901 527.966667
534 156.261590 325.411970 527.966667
533 135.458405 325.684174 527.966667
532 115.001887 325.980381 527.966667
531 94.258099 325.590999 527.966667
530 73.644549 325.464235 527.966667
529 53.085317 325.734694 527.966667
528 32.640859 325.916282 527.966667
