# X, Y, Z
0.000000 0.000000 -21.715980
50.000000 0.000000 -18.227357
100.000000 0.000000 -14.978700
150.000000 0.000000 -11.987493
200.000000 0.000000 -9.271221
250.000000 0.000000 -6.847369
300.000000 0.000000 -4.733421
350.000000 0.000000 -2.946861
400.000000 0.000000 -1.505176
450.000000 0.000000 -0.425849
500.000000 0.000000 0.273635
550.000000 0.000000 0.575792
600.000000 0.000000 0.463136
650.000000 0.000000 -0.081818
700.000000 0.000000 -1.076553
750.000000 0.000000 -2.530440
800.000000 0.000000 -4.408289
850.000000 0.000000 -6.824424
900.000000 0.000000 -9.696726
950.000000 0.000000 -12.934278
1000.000000 0.000000 -16.446165
1050.000000 0.000000 -20.141469
1100.000000 0.000000 -23.929276
1150.000000 0.000000 -27.718668
1200.000000 0.000000 -31.418730
1250.000000 0.000000 -34.938545
1300.000000 0.000000 -38.187198
1350.000000 0.000000 -41.073772
1400.000000 0.000000 -43.507350
1450.000000 0.000000 -45.397018
1500.000000 0.000000 -46.650024
1550.000000 0.000000 -47.300530
1600.000000 0.000000 -47.425335
1650.000000 0.000000 -47.073925
1700.000000 0.000000 -46.304419
1750.000000 0.000000 -45.174932
1800.000000 0.000000 -43.743580
1850.000000 0.000000 -42.068481
1900.000000 0.000000 -40.207751
1950.000000 0.000000 -38.219507
2000.000000 0.000000 -36.161864
2050.000000 0.000000 -34.092941
2100.000000 0.000000 -32.070852
2150.000000 0.000000 -30.153716
2200.000000 0.000000 -28.399648
2250.000000 0.000000 -26.866765
2300.000000 0.000000 -25.613183
2350.000000 0.000000 -24.697020
2400.000000 0.000000 -24.179423
2450.000000 0.000000 -24.167459
2500.000000 0.000000 -24.592959
2550.000000 0.000000 -25.431554
2600.000000 0.000000 -26.661520
2650.000000 0.000000 -28.261132
2700.000000 0.000000 -30.208666
2750.000000 0.000000 -32.482397
2800.000000 0.000000 -35.060602
2850.000000 0.000000 -37.921555
2900.000000 0.000000 -41.043532
2950.000000 0.000000 -44.404810
0.000000 50.000000 -22.422981
50.000000 50.000000 -19.001441
100.000000 50.000000 -15.830735
150.000000 50.000000 -12.928348
200.000000 50.000000 -10.311765
250.000000 50.000000 -7.998470
300.000000 50.000000 -6.005949
350.000000 50.000000 -4.351685
400.000000 50.000000 -3.053164
450.000000 50.000000 -2.127871
500.000000 50.000000 -1.593289
550.000000 50.000000 -1.466903
600.000000 50.000000 -1.766199
650.000000 50.000000 -2.514729
700.000000 50.000000 -3.687152
750.000000 50.000000 -5.108416
800.000000 50.000000 -6.852367
850.000000 50.000000 -8.843489
900.000000 50.000000 -11.331312
950.000000 50.000000 -14.215100
1000.000000 50.000000 -17.403937
1050.000000 50.000000 -20.806908
1100.000000 50.000000 -24.333095
1150.000000 50.000000 -27.891582
1200.000000 50.000000 -31.391455
1250.000000 50.000000 -34.741796
1300.000000 50.000000 -37.851689
1350.000000 50.000000 -40.630218
1400.000000 50.000000 -42.986467
1450.000000 50.000000 -44.829520
1500.000000 50.000000 -46.006142
1550.000000 50.000000 -46.510703
1600.000000 50.000000 -46.831910
1650.000000 50.000000 -46.618978
1700.000000 50.000000 -45.964387
1750.000000 50.000000 -44.926255
1800.000000 50.000000 -43.562698
1850.000000 50.000000 -41.931832
1900.000000 50.000000 -40.091775
1950.000000 50.000000 -38.100643
2000.000000 50.000000 -36.016552
2050.000000 50.000000 -33.897619
2100.000000 50.000000 -31.801960
2150.000000 50.000000 -29.787692
2200.000000 50.000000 -27.912933
2250.000000 50.000000 -26.235797
2300.000000 50.000000 -24.814402
2350.000000 50.000000 -23.706864
2400.000000 50.000000 -23.074403
2450.000000 50.000000 -23.084506
2500.000000 50.000000 -23.609876
2550.000000 50.000000 -24.539242
2600.000000 50.000000 -25.850879
2650.000000 50.000000 -27.523060
2700.000000 50.000000 -29.534063
2750.000000 50.000000 -31.862163
2800.000000 50.000000 -34.485635
2850.000000 50.000000 -37.382755
2900.000000 50.000000 -40.531798
2950.000000 50.000000 -43.911041
0.000000 100.000000 -23.308617
50.000000 100.000000 -19.958963
100.000000 100.000000 -16.871012
150.000000 100.000000 -14.062249
200.000000 100.000000 -11.550159
250.000000 100.000000 -9.352226
300.000000 100.000000 -7.485935
350.000000 100.000000 -5.968770
400.000000 100.000000 -4.818217
450.000000 100.000000 -4.051760
500.000000 100.000000 -3.687971
550.000000 100.000000 -3.753785
600.000000 100.000000 -4.273586
650.000000 100.000000 -5.152712
700.000000 100.000000 -6.140542
750.000000 100.000000 -7.566862
800.000000 100.000000 -9.499500
850.000000 100.000000 -11.172445
900.000000 100.000000 -13.250426
950.000000 100.000000 -15.777486
1000.000000 100.000000 -18.640309
1050.000000 100.000000 -21.747981
1100.000000 100.000000 -25.009585
1150.000000 100.000000 -28.334204
1200.000000 100.000000 -31.630923
1250.000000 100.000000 -34.808825
1300.000000 100.000000 -37.776994
1350.000000 100.000000 -40.444515
1400.000000 100.000000 -42.720470
1450.000000 100.000000 -44.495672
1500.000000 100.000000 -45.537173
1550.000000 100.000000 -45.711052
1600.000000 100.000000 -45.925829
1650.000000 100.000000 -45.937246
1700.000000 100.000000 -45.413173
1750.000000 100.000000 -44.472043
1800.000000 100.000000 -43.181928
1850.000000 100.000000 -41.600943
1900.000000 100.000000 -39.787206
1950.000000 100.000000 -37.798833
2000.000000 100.000000 -35.693941
2050.000000 100.000000 -33.530646
2100.000000 100.000000 -31.367064
2150.000000 100.000000 -29.261313
2200.000000 100.000000 -27.271509
2250.000000 100.000000 -25.455768
2300.000000 100.000000 -23.872207
2350.000000 100.000000 -22.634828
2400.000000 100.000000 -21.960221
2450.000000 100.000000 -21.933133
2500.000000 100.000000 -22.498934
2550.000000 100.000000 -23.512463
2600.000000 100.000000 -24.899161
2650.000000 100.000000 -26.637303
2700.000000 100.000000 -28.705166
2750.000000 100.000000 -31.081025
2800.000000 100.000000 -33.743156
2850.000000 100.000000 -36.669833
2900.000000 100.000000 -39.839334
2950.000000 100.000000 -43.229932
0.000000 150.000000 -24.347248
50.000000 150.000000 -21.074283
100.000000 150.000000 -18.073891
150.000000 150.000000 -15.363555
200.000000 150.000000 -12.960761
250.000000 150.000000 -10.882993
300.000000 150.000000 -9.147735
350.000000 150.000000 -7.772474
400.000000 150.000000 -6.778836
450.000000 150.000000 -6.192904
500.000000 150.000000 -6.037958
550.000000 150.000000 -6.337275
600.000000 150.000000 -6.906379
650.000000 150.000000 -7.542302
700.000000 150.000000 -8.465054
750.000000 150.000000 -9.911470
800.000000 150.000000 -11.906440
850.000000 150.000000 -13.852577
900.000000 150.000000 -15.474466
950.000000 150.000000 -17.605164
1000.000000 150.000000 -20.137253
1050.000000 150.000000 -22.946662
1100.000000 150.000000 -25.940718
1150.000000 150.000000 -29.028505
1200.000000 150.000000 -32.119106
1250.000000 150.000000 -35.121605
1300.000000 150.000000 -37.945086
1350.000000 150.000000 -40.498633
1400.000000 150.000000 -42.689762
1450.000000 150.000000 -44.335696
1500.000000 150.000000 -45.240719
1550.000000 150.000000 -45.266465
1600.000000 150.000000 -44.831608
1650.000000 150.000000 -44.908551
1700.000000 150.000000 -44.627154
1750.000000 150.000000 -43.829124
1800.000000 150.000000 -42.618936
1850.000000 150.000000 -41.093480
1900.000000 150.000000 -39.311710
1950.000000 150.000000 -37.331744
2000.000000 150.000000 -35.211697
2050.000000 150.000000 -33.009687
2100.000000 150.000000 -30.783830
2150.000000 150.000000 -28.592243
2200.000000 150.000000 -26.493041
2250.000000 150.000000 -24.544343
2300.000000 150.000000 -22.830084
2350.000000 150.000000 -21.545928
2400.000000 150.000000 -20.829248
2450.000000 150.000000 -20.764968
2500.000000 150.000000 -21.303963
2550.000000 150.000000 -22.367207
2600.000000 150.000000 -23.822357
2650.000000 150.000000 -25.619851
2700.000000 150.000000 -27.737965
2750.000000 150.000000 -30.154974
2800.000000 150.000000 -32.849154
2850.000000 150.000000 -35.798780
2900.000000 150.000000 -38.982129
2950.000000 150.000000 -42.377475
0.000000 200.000000 -25.513230
50.000000 200.000000 -22.321758
100.000000 200.000000 -19.413728
150.000000 200.000000 -16.806623
200.000000 200.000000 -14.517928
250.000000 200.000000 -12.565752
300.000000 200.000000 -10.974329
350.000000 200.000000 -9.767618
400.000000 200.000000 -8.968894
450.000000 200.000000 -8.601433
500.000000 200.000000 -8.677908
550.000000 200.000000 -8.931288
600.000000 200.000000 -9.254042
650.000000 200.000000 -9.737776
700.000000 200.000000 -10.681421
750.000000 200.000000 -12.147932
800.000000 200.000000 -14.164467
850.000000 200.000000 -16.438516
900.000000 200.000000 -18.051681
950.000000 200.000000 -19.731441
1000.000000 200.000000 -21.883568
1050.000000 200.000000 -24.384921
1100.000000 200.000000 -27.108465
1150.000000 200.000000 -29.956455
1200.000000 200.000000 -32.837974
1250.000000 200.000000 -35.662106
1300.000000 200.000000 -38.337935
1350.000000 200.000000 -40.774545
1400.000000 200.000000 -42.843178
1450.000000 200.000000 -44.344229
1500.000000 200.000000 -45.114386
1550.000000 200.000000 -45.001751
1600.000000 200.000000 -44.147994
1650.000000 200.000000 -43.574795
1700.000000 200.000000 -43.484867
1750.000000 200.000000 -42.927537
1800.000000 200.000000 -41.877126
1850.000000 200.000000 -40.427107
1900.000000 200.000000 -38.682952
1950.000000 200.000000 -36.717040
2000.000000 200.000000 -34.587487
2050.000000 200.000000 -32.352409
2100.000000 200.000000 -30.069924
2150.000000 200.000000 -27.798148
2200.000000 200.000000 -25.595196
2250.000000 200.000000 -23.528242
2300.000000 200.000000 -21.759823
2350.000000 200.000000 -20.432604
2400.000000 200.000000 -19.673851
2450.000000 200.000000 -19.572379
2500.000000 200.000000 -20.082956
2550.000000 200.000000 -21.131776
2600.000000 200.000000 -22.636457
2650.000000 200.000000 -24.486694
2700.000000 200.000000 -26.648450
2750.000000 200.000000 -29.100000
2800.000000 200.000000 -31.819621
2850.000000 200.000000 -34.785587
2900.000000 200.000000 -37.976174
2950.000000 200.000000 -41.369658
0.000000 250.000000 -26.780921
50.000000 250.000000 -23.675746
100.000000 250.000000 -20.864881
150.000000 250.000000 -18.368218
200.000000 250.000000 -16.209983
250.000000 250.000000 -14.413461
300.000000 250.000000 -13.001927
350.000000 250.000000 -11.998656
400.000000 250.000000 -11.426923
450.000000 250.000000 -11.263619
500.000000 250.000000 -11.210577
550.000000 250.000000 -11.229565
600.000000 250.000000 -11.352751
650.000000 250.000000 -11.830773
700.000000 250.000000 -12.795333
750.000000 250.000000 -14.281939
800.000000 250.000000 -16.320039
850.000000 250.000000 -18.766536
900.000000 250.000000 -20.804160
950.000000 250.000000 -22.190073
1000.000000 250.000000 -23.916381
1050.000000 250.000000 -26.058663
1100.000000 250.000000 -28.494804
1150.000000 250.000000 -31.100026
1200.000000 250.000000 -33.769499
1250.000000 250.000000 -36.412300
1300.000000 250.000000 -38.937513
1350.000000 250.000000 -41.244644
1400.000000 250.000000 -43.161095
1450.000000 250.000000 -44.518875
1500.000000 250.000000 -45.155778
1550.000000 250.000000 -44.906373
1600.000000 250.000000 -43.847099
1650.000000 250.000000 -42.597532
1700.000000 250.000000 -41.968968
1750.000000 250.000000 -41.680773
1800.000000 250.000000 -40.864391
1850.000000 250.000000 -39.578481
1900.000000 250.000000 -37.915944
1950.000000 250.000000 -35.972387
2000.000000 250.000000 -33.838974
2050.000000 250.000000 -31.576477
2100.000000 250.000000 -29.243011
2150.000000 250.000000 -26.896693
2200.000000 250.000000 -24.597376
2250.000000 250.000000 -22.469977
2300.000000 250.000000 -20.657506
2350.000000 250.000000 -19.287225
2400.000000 250.000000 -18.486398
2450.000000 250.000000 -18.347734
2500.000000 250.000000 -18.829893
2550.000000 250.000000 -19.859068
2600.000000 250.000000 -21.361452
2650.000000 250.000000 -23.253822
2700.000000 250.000000 -25.452611
2750.000000 250.000000 -27.932093
2800.000000 250.000000 -30.670545
2850.000000 250.000000 -33.646242
2900.000000 250.000000 -36.837426
2950.000000 250.000000 -40.216291
0.000000 300.000000 -28.124927
50.000000 300.000000 -25.115410
100.000000 300.000000 -22.421332
150.000000 300.000000 -20.065967
200.000000 300.000000 -18.072591
250.000000 300.000000 -16.464477
300.000000 300.000000 -15.264902
350.000000 300.000000 -14.497140
400.000000 300.000000 -14.077442
450.000000 300.000000 -13.727382
500.000000 300.000000 -13.452010
550.000000 300.000000 -13.274560
600.000000 300.000000 -13.327249
650.000000 300.000000 -13.827007
700.000000 300.000000 -14.812482
750.000000 300.000000 -16.319184
800.000000 300.000000 -18.378849
850.000000 300.000000 -20.878532
900.000000 300.000000 -23.294010
950.000000 300.000000 -24.974080
1000.000000 300.000000 -26.260717
1050.000000 300.000000 -28.002298
1100.000000 300.000000 -30.103460
1150.000000 300.000000 -32.442086
1200.000000 300.000000 -34.895653
1250.000000 300.000000 -37.354158
1300.000000 300.000000 -39.725120
1350.000000 300.000000 -41.876343
1400.000000 300.000000 -43.641118
1450.000000 300.000000 -44.857239
1500.000000 300.000000 -45.362499
1550.000000 300.000000 -44.977935
1600.000000 300.000000 -43.766457
1650.000000 300.000000 -42.040696
1700.000000 300.000000 -40.700284
1750.000000 300.000000 -40.042484
1800.000000 300.000000 -39.522266
1850.000000 300.000000 -38.463714
1900.000000 300.000000 -36.959185
1950.000000 300.000000 -35.101581
2000.000000 300.000000 -32.983806
2050.000000 300.000000 -30.699556
2100.000000 300.000000 -28.320756
2150.000000 300.000000 -25.905558
2200.000000 300.000000 -23.544464
2250.000000 300.000000 -21.372025
2300.000000 300.000000 -19.515502
2350.000000 300.000000 -18.102158
2400.000000 300.000000 -17.259258
2450.000000 300.000000 -17.083402
2500.000000 300.000000 -17.537142
2550.000000 300.000000 -18.546673
2600.000000 300.000000 -20.038186
2650.000000 300.000000 -21.937874
2700.000000 300.000000 -24.166438
2750.000000 300.000000 -26.667243
2800.000000 300.000000 -29.417918
2850.000000 300.000000 -32.394770
2900.000000 300.000000 -35.564176
2950.000000 300.000000 -38.889952
0.000000 350.000000 -29.543910
50.000000 350.000000 -26.660670
100.000000 350.000000 -24.116418
150.000000 350.000000 -21.934430
200.000000 350.000000 -20.137981
250.000000 350.000000 -18.750345
300.000000 350.000000 -17.794799
350.000000 350.000000 -17.102514
400.000000 350.000000 -16.464841
450.000000 350.000000 -15.904513
500.000000 350.000000 -15.444762
550.000000 350.000000 -15.138570
600.000000 350.000000 -15.210676
650.000000 350.000000 -15.732170
700.000000 350.000000 -16.738561
750.000000 350.000000 -18.265358
800.000000 350.000000 -20.346588
850.000000 350.000000 -22.871595
900.000000 350.000000 -25.539445
950.000000 350.000000 -27.629437
1000.000000 350.000000 -28.936344
1050.000000 350.000000 -30.236622
1100.000000 350.000000 -31.962202
1150.000000 350.000000 -33.990969
1200.000000 350.000000 -36.200807
1250.000000 350.000000 -38.469652
1300.000000 350.000000 -40.674998
1350.000000 350.000000 -42.666140
1400.000000 350.000000 -44.280851
1450.000000 350.000000 -45.356924
1500.000000 350.000000 -45.732153
1550.000000 350.000000 -45.214043
1600.000000 350.000000 -43.851971
1650.000000 350.000000 -41.849299
1700.000000 350.000000 -39.883519
1750.000000 350.000000 -38.484606
1800.000000 350.000000 -37.803861
1850.000000 350.000000 -37.035345
1900.000000 350.000000 -35.751502
1950.000000 350.000000 -34.045235
2000.000000 350.000000 -32.009447
2050.000000 350.000000 -29.737038
2100.000000 350.000000 -27.320826
2150.000000 350.000000 -24.851357
2200.000000 350.000000 -22.444233
2250.000000 350.000000 -20.226753
2300.000000 350.000000 -18.326178
2350.000000 350.000000 -16.869773
2400.000000 350.000000 -15.984799
2450.000000 350.000000 -15.771750
2500.000000 350.000000 -16.197073
2550.000000 350.000000 -17.186959
2600.000000 350.000000 -18.667601
2650.000000 350.000000 -20.565192
2700.000000 350.000000 -22.805924
2750.000000 350.000000 -25.321154
2800.000000 350.000000 -28.069722
2850.000000 350.000000 -31.015785
2900.000000 350.000000 -34.123196
2950.000000 350.000000 -37.355806
0.000000 400.000000 -31.068943
50.000000 400.000000 -28.344048
100.000000 400.000000 -25.981693
150.000000 400.000000 -24.005151
200.000000 400.000000 -22.437699
250.000000 400.000000 -21.294620
300.000000 400.000000 -20.321972
350.000000 400.000000 -19.406091
400.000000 400.000000 -18.570210
450.000000 400.000000 -17.837563
500.000000 400.000000 -17.232459
550.000000 400.000000 -16.914063
600.000000 400.000000 -17.008725
650.000000 400.000000 -17.551955
700.000000 400.000000 -18.579261
750.000000 400.000000 -20.126154
800.000000 400.000000 -22.228948
850.000000 400.000000 -24.779279
900.000000 400.000000 -27.578571
950.000000 400.000000 -30.015780
1000.000000 400.000000 -31.747281
1050.000000 400.000000 -32.781405
1100.000000 400.000000 -34.090801
1150.000000 400.000000 -35.769105
1200.000000 400.000000 -37.694202
1250.000000 400.000000 -39.743977
1300.000000 400.000000 -41.778968
1350.000000 400.000000 -43.611641
1400.000000 400.000000 -45.077900
1450.000000 400.000000 -46.015537
1500.000000 400.000000 -46.262346
1550.000000 400.000000 -45.612301
1600.000000 400.000000 -44.101247
1650.000000 400.000000 -41.929784
1700.000000 400.000000 -39.463688
1750.000000 400.000000 -37.410140
1800.000000 400.000000 -35.978855
1850.000000 400.000000 -35.246481
1900.000000 400.000000 -34.246004
1950.000000 400.000000 -32.753753
2000.000000 400.000000 -30.862630
2050.000000 400.000000 -28.665537
2100.000000 400.000000 -26.255376
2150.000000 400.000000 -23.742204
2200.000000 400.000000 -21.289051
2250.000000 400.000000 -19.026530
2300.000000 400.000000 -17.081904
2350.000000 400.000000 -15.582436
2400.000000 400.000000 -14.655389
2450.000000 400.000000 -14.405148
2500.000000 400.000000 -14.802052
2550.000000 400.000000 -15.772294
2600.000000 400.000000 -17.242065
2650.000000 400.000000 -19.137559
2700.000000 400.000000 -21.384576
2750.000000 400.000000 -23.890944
2800.000000 400.000000 -26.599784
2850.000000 400.000000 -29.474948
2900.000000 400.000000 -32.480288
2950.000000 400.000000 -35.579655
0.000000 450.000000 -32.731571
50.000000 450.000000 -30.197092
100.000000 450.000000 -28.048702
150.000000 450.000000 -26.309677
200.000000 450.000000 -24.963061
250.000000 450.000000 -23.718953
300.000000 450.000000 -22.534267
350.000000 450.000000 -21.432238
400.000000 450.000000 -20.436100
450.000000 450.000000 -19.569087
500.000000 450.000000 -18.904890
550.000000 450.000000 -18.609870
600.000000 450.000000 -18.727088
650.000000 450.000000 -19.292053
700.000000 450.000000 -20.340275
750.000000 450.000000 -21.907263
800.000000 450.000000 -24.031621
850.000000 450.000000 -26.607277
900.000000 450.000000 -29.452720
950.000000 450.000000 -32.171213
1000.000000 450.000000 -34.278210
1050.000000 450.000000 -35.622004
1100.000000 450.000000 -36.509025
1150.000000 450.000000 -37.796264
1200.000000 450.000000 -39.396017
1250.000000 450.000000 -41.186170
1300.000000 450.000000 -43.034634
1350.000000 450.000000 -44.710450
1400.000000 450.000000 -46.029867
1450.000000 450.000000 -46.830680
1500.000000 450.000000 -46.950681
1550.000000 450.000000 -46.170313
1600.000000 450.000000 -44.511888
1650.000000 450.000000 -42.176008
1700.000000 450.000000 -39.385805
1750.000000 450.000000 -36.764101
1800.000000 450.000000 -34.648915
1850.000000 450.000000 -33.211387
1900.000000 450.000000 -32.395799
1950.000000 450.000000 -31.180243
2000.000000 450.000000 -29.496464
2050.000000 450.000000 -27.437365
2100.000000 450.000000 -25.095849
2150.000000 450.000000 -22.570469
2200.000000 450.000000 -20.071287
2250.000000 450.000000 -17.763725
2300.000000 450.000000 -15.775047
2350.000000 450.000000 -14.232516
2400.000000 450.000000 -13.263396
2450.000000 450.000000 -12.975963
2500.000000 450.000000 -13.344449
2550.000000 450.000000 -14.295046
2600.000000 450.000000 -15.753946
2650.000000 450.000000 -17.647343
2700.000000 450.000000 -19.887101
2750.000000 450.000000 -22.344836
2800.000000 450.000000 -24.973872
2850.000000 450.000000 -27.738059
2900.000000 450.000000 -30.601251
2950.000000 450.000000 -33.532237
0.000000 500.000000 -34.563340
50.000000 500.000000 -32.251345
100.000000 500.000000 -30.348990
150.000000 500.000000 -28.782758
200.000000 500.000000 -27.276593
250.000000 500.000000 -25.832508
300.000000 500.000000 -24.473735
350.000000 500.000000 -23.223510
400.000000 500.000000 -22.105066
450.000000 500.000000 -21.150877
500.000000 500.000000 -20.503325
550.000000 500.000000 -20.231681
600.000000 500.000000 -20.371455
650.000000 500.000000 -20.958156
700.000000 500.000000 -22.027293
750.000000 500.000000 -23.614376
800.000000 500.000000 -25.760300
850.000000 500.000000 -28.361279
900.000000 500.000000 -31.235805
950.000000 500.000000 -34.133841
1000.000000 500.000000 -36.553627
1050.000000 500.000000 -38.301196
1100.000000 500.000000 -39.236645
1150.000000 500.000000 -40.092215
1200.000000 500.000000 -41.326022
1250.000000 500.000000 -42.815950
1300.000000 500.000000 -44.439600
1350.000000 500.000000 -45.960170
1400.000000 500.000000 -47.134358
1450.000000 500.000000 -47.799958
1500.000000 500.000000 -47.794763
1550.000000 500.000000 -46.885683
1600.000000 500.000000 -45.081499
1650.000000 500.000000 -42.582813
1700.000000 500.000000 -39.590225
1750.000000 500.000000 -36.491504
1800.000000 500.000000 -33.778895
1850.000000 500.000000 -31.628200
1900.000000 500.000000 -30.210561
1950.000000 500.000000 -29.277812
2000.000000 500.000000 -27.864057
2050.000000 500.000000 -26.005631
2100.000000 500.000000 -23.795438
2150.000000 500.000000 -21.326379
2200.000000 500.000000 -18.783307
2250.000000 500.000000 -16.430705
2300.000000 500.000000 -14.397975
2350.000000 500.000000 -12.812382
2400.000000 500.000000 -11.801188
2450.000000 500.000000 -11.476564
2500.000000 500.000000 -11.816631
2550.000000 500.000000 -12.747583
2600.000000 500.000000 -14.195613
2650.000000 500.000000 -16.086912
2700.000000 500.000000 -18.279605
2750.000000 500.000000 -20.648631
2800.000000 500.000000 -23.157785
2850.000000 500.000000 -25.770919
2900.000000 500.000000 -28.451886
2950.000000 500.000000 -31.542871
0.000000 550.000000 -36.595794
50.000000 550.000000 -34.538354
100.000000 550.000000 -32.736847
150.000000 550.000000 -30.978031
200.000000 550.000000 -29.283949
250.000000 550.000000 -27.677838
300.000000 550.000000 -26.182929
350.000000 550.000000 -24.822459
400.000000 550.000000 -23.619660
450.000000 550.000000 -22.656813
500.000000 550.000000 -22.033457
550.000000 550.000000 -21.785190
600.000000 550.000000 -21.947519
650.000000 550.000000 -22.555956
700.000000 550.000000 -23.646009
750.000000 550.000000 -25.253187
800.000000 550.000000 -27.420676
850.000000 550.000000 -30.046979
900.000000 550.000000 -32.950588
950.000000 550.000000 -35.941771
1000.000000 550.000000 -38.611640
1050.000000 550.000000 -40.700277
1100.000000 550.000000 -42.059202
1150.000000 550.000000 -42.676729
1200.000000 550.000000 -43.503986
1250.000000 550.000000 -44.653086
1300.000000 550.000000 -46.001914
1350.000000 550.000000 -47.358407
1400.000000 550.000000 -48.388978
1450.000000 550.000000 -48.920976
1500.000000 550.000000 -48.792196
1550.000000 550.000000 -47.756016
1600.000000 550.000000 -45.807685
1650.000000 550.000000 -43.147805
1700.000000 550.000000 -39.976975
1750.000000 550.000000 -36.537363
1800.000000 550.000000 -33.313811
1850.000000 550.000000 -30.536427
1900.000000 550.000000 -28.376353
1950.000000 550.000000 -27.004732
2000.000000 550.000000 -25.918516
2050.000000 550.000000 -24.323443
2100.000000 550.000000 -22.307253
2150.000000 550.000000 -19.962846
2200.000000 550.000000 -17.417482
2250.000000 550.000000 -15.019839
2300.000000 550.000000 -12.943058
2350.000000 550.000000 -11.314402
2400.000000 550.000000 -10.261135
2450.000000 550.000000 -9.899318
2500.000000 550.000000 -10.210967
2550.000000 550.000000 -11.122275
2600.000000 550.000000 -12.559433
2650.000000 550.000000 -14.432754
2700.000000 550.000000 -16.527889
2750.000000 550.000000 -18.768128
2800.000000 550.000000 -21.117324
2850.000000 550.000000 -23.539329
2900.000000 550.000000 -26.261631
2950.000000 550.000000 -29.803509
0.000000 600.000000 -38.854688
50.000000 600.000000 -36.808466
100.000000 600.000000 -34.806401
150.000000 600.000000 -32.871729
200.000000 600.000000 -31.027682
250.000000 600.000000 -29.297495
300.000000 600.000000 -27.704403
350.000000 600.000000 -26.271638
400.000000 600.000000 -25.038057
450.000000 600.000000 -24.100138
500.000000 600.000000 -23.500979
550.000000 600.000000 -23.276087
600.000000 600.000000 -23.460973
650.000000 600.000000 -24.091145
700.000000 600.000000 -25.202113
750.000000 600.000000 -26.829387
800.000000 600.000000 -29.018440
850.000000 600.000000 -31.670068
900.000000 600.000000 -34.602760
950.000000 600.000000 -37.635009
1000.000000 600.000000 -40.490354
1050.000000 600.000000 -42.857352
1100.000000 600.000000 -44.585623
1150.000000 600.000000 -45.526690
1200.000000 600.000000 -45.949680
1250.000000 600.000000 -46.717349
1300.000000 600.000000 -47.750468
1350.000000 600.000000 -48.902765
1400.000000 600.000000 -49.791329
1450.000000 600.000000 -50.191338
1500.000000 600.000000 -49.940585
1550.000000 600.000000 -48.778916
1600.000000 600.000000 -46.688050
1650.000000 600.000000 -43.868586
1700.000000 600.000000 -40.521127
1750.000000 600.000000 -36.846691
1800.000000 600.000000 -33.198675
1850.000000 600.000000 -29.881082
1900.000000 600.000000 -27.065052
1950.000000 600.000000 -24.921730
2000.000000 600.000000 -23.612949
2050.000000 600.000000 -22.343909
2100.000000 600.000000 -20.584400
2150.000000 600.000000 -18.427325
2200.000000 600.000000 -15.966178
2250.000000 600.000000 -13.523494
2300.000000 600.000000 -11.402662
2350.000000 600.000000 -9.730944
2400.000000 600.000000 -8.635603
2450.000000 600.000000 -8.236594
2500.000000 600.000000 -8.519825
2550.000000 600.000000 -9.411488
2600.000000 600.000000 -10.837776
2650.000000 600.000000 -12.640309
2700.000000 600.000000 -14.597752
2750.000000 600.000000 -16.669129
2800.000000 600.000000 -18.818290
2850.000000 600.000000 -21.177372
2900.000000 600.000000 -24.334742
2950.000000 600.000000 -28.281292
0.000000 650.000000 -40.980750
50.000000 650.000000 -38.744842
100.000000 650.000000 -36.578983
150.000000 650.000000 -34.506406
200.000000 650.000000 -32.550345
250.000000 650.000000 -30.734034
300.000000 650.000000 -29.080708
350.000000 650.000000 -27.614777
400.000000 650.000000 -26.399446
450.000000 650.000000 -25.486544
500.000000 650.000000 -24.911581
550.000000 650.000000 -24.710065
600.000000 650.000000 -24.917507
650.000000 650.000000 -25.569415
700.000000 650.000000 -26.701299
750.000000 650.000000 -28.348668
800.000000 650.000000 -30.559286
850.000000 650.000000 -33.236238
900.000000 650.000000 -36.198013
950.000000 650.000000 -39.263104
1000.000000 650.000000 -42.227873
1050.000000 650.000000 -44.810527
1100.000000 650.000000 -46.845439
1150.000000 650.000000 -48.184130
1200.000000 650.000000 -48.682873
1250.000000 650.000000 -49.028508
1300.000000 650.000000 -49.705315
1350.000000 650.000000 -50.590848
1400.000000 650.000000 -51.339018
1450.000000 650.000000 -51.608649
1500.000000 650.000000 -51.237534
1550.000000 650.000000 -49.951988
1600.000000 650.000000 -47.720197
1650.000000 650.000000 -44.742763
1700.000000 650.000000 -41.220285
1750.000000 650.000000 -37.353365
1800.000000 650.000000 -33.378504
1850.000000 650.000000 -29.607179
1900.000000 650.000000 -26.221674
1950.000000 650.000000 -23.393129
2000.000000 650.000000 -21.292688
2050.000000 650.000000 -20.020135
2100.000000 650.000000 -18.579987
2150.000000 650.000000 -16.672923
2200.000000 650.000000 -14.391845
2250.000000 650.000000 -11.934040
2300.000000 650.000000 -9.769156
2350.000000 650.000000 -8.054375
2400.000000 650.000000 -6.916961
2450.000000 650.000000 -6.480760
2500.000000 650.000000 -6.735573
2550.000000 650.000000 -7.607591
2600.000000 650.000000 -9.014556
2650.000000 650.000000 -10.675322
2700.000000 650.000000 -12.454997
2750.000000 650.000000 -14.317433
2800.000000 650.000000 -16.319759
2850.000000 650.000000 -19.074305
2900.000000 650.000000 -22.639614
2950.000000 650.000000 -26.943365
0.000000 700.000000 -42.776490
50.000000 700.000000 -40.388848
100.000000 700.000000 -38.097145
150.000000 700.000000 -35.924614
200.000000 700.000000 -33.894490
250.000000 700.000000 -32.030007
300.000000 700.000000 -30.354399
350.000000 700.000000 -28.899103
400.000000 700.000000 -27.709608
450.000000 700.000000 -26.821723
500.000000 700.000000 -26.270956
550.000000 700.000000 -26.092817
600.000000 700.000000 -26.322814
650.000000 700.000000 -26.996458
700.000000 700.000000 -28.149257
750.000000 700.000000 -29.816722
800.000000 700.000000 -32.048904
850.000000 700.000000 -34.751180
900.000000 700.000000 -37.742039
950.000000 700.000000 -40.839972
1000.000000 700.000000 -43.862303
1050.000000 700.000000 -46.597907
1100.000000 700.000000 -48.876754
1150.000000 700.000000 -50.550364
1200.000000 700.000000 -51.470260
1250.000000 700.000000 -51.606333
1300.000000 700.000000 -51.886226
1350.000000 700.000000 -52.440896
1400.000000 700.000000 -53.029648
1450.000000 700.000000 -53.170512
1500.000000 700.000000 -52.680647
1550.000000 700.000000 -51.272835
1600.000000 700.000000 -48.901733
1650.000000 700.000000 -45.767939
1700.000000 700.000000 -42.072054
1750.000000 700.000000 -38.014680
1800.000000 700.000000 -33.798310
1850.000000 700.000000 -29.659734
1900.000000 700.000000 -25.791231
1950.000000 700.000000 -22.363944
2000.000000 700.000000 -19.549014
2050.000000 700.000000 -17.517585
2100.000000 700.000000 -16.247122
2150.000000 700.000000 -14.652748
2200.000000 700.000000 -12.615010
2250.000000 700.000000 -10.243845
2300.000000 700.000000 -8.034909
2350.000000 700.000000 -6.277065
2400.000000 700.000000 -5.097578
2450.000000 700.000000 -4.624185
2500.000000 700.000000 -4.850579
2550.000000 700.000000 -5.702953
2600.000000 700.000000 -7.029500
2650.000000 700.000000 -8.503593
2700.000000 700.000000 -10.065423
2750.000000 700.000000 -11.718457
2800.000000 700.000000 -14.051864
2850.000000 700.000000 -17.217616
2900.000000 700.000000 -21.143392
2950.000000 700.000000 -25.756869
0.000000 750.000000 -44.284462
50.000000 750.000000 -41.783037
100.000000 750.000000 -39.403441
150.000000 750.000000 -37.168908
200.000000 750.000000 -35.102672
250.000000 750.000000 -33.227979
300.000000 750.000000 -31.566664
350.000000 750.000000 -30.137893
400.000000 750.000000 -28.974235
450.000000 750.000000 -28.111367
500.000000 750.000000 -27.584796
550.000000 750.000000 -27.430032
600.000000 750.000000 -27.682586
650.000000 750.000000 -28.377965
700.000000 750.000000 -29.551680
750.000000 750.000000 -31.239240
800.000000 750.000000 -33.492987
850.000000 750.000000 -36.220587
900.000000 750.000000 -39.240529
950.000000 750.000000 -42.371305
1000.000000 750.000000 -45.431217
1050.000000 750.000000 -48.257598
1100.000000 750.000000 -50.717673
1150.000000 750.000000 -52.663496
1200.000000 750.000000 -53.946590
1250.000000 750.000000 -54.418474
1300.000000 750.000000 -54.312969
1350.000000 750.000000 -54.495843
1400.000000 750.000000 -54.860824
1450.000000 750.000000 -54.874533
1500.000000 750.000000 -54.267529
1550.000000 750.000000 -52.739064
1600.000000 750.000000 -50.230260
1650.000000 750.000000 -46.941718
1700.000000 750.000000 -43.074039
1750.000000 750.000000 -38.827822
1800.000000 750.000000 -34.403969
1850.000000 750.000000 -29.983761
1900.000000 750.000000 -25.718740
1950.000000 750.000000 -21.779188
2000.000000 750.000000 -18.336249
2050.000000 750.000000 -15.561064
2100.000000 750.000000 -13.624776
2150.000000 750.000000 -12.319908
2200.000000 750.000000 -10.588189
2250.000000 750.000000 -8.436657
2300.000000 750.000000 -6.192288
2350.000000 750.000000 -4.391382
2400.000000 750.000000 -3.169821
2450.000000 750.000000 -2.659236
2500.000000 750.000000 -2.857212
2550.000000 750.000000 -3.688951
2600.000000 750.000000 -4.843580
2650.000000 750.000000 -6.090923
2700.000000 750.000000 -7.403132
2750.000000 750.000000 -9.297084
2800.000000 750.000000 -12.044963
2850.000000 750.000000 -15.574448
2900.000000 750.000000 -19.813217
2950.000000 750.000000 -24.688949
0.000000 800.000000 -45.547219
50.000000 800.000000 -42.969961
100.000000 800.000000 -40.540424
150.000000 800.000000 -38.282365
200.000000 800.000000 -36.217029
250.000000 800.000000 -34.360222
300.000000 800.000000 -32.727505
350.000000 800.000000 -31.334438
400.000000 800.000000 -30.199019
450.000000 800.000000 -29.361167
500.000000 800.000000 -28.858792
550.000000 800.000000 -28.727405
600.000000 800.000000 -29.002514
650.000000 800.000000 -29.719629
700.000000 800.000000 -30.914260
750.000000 800.000000 -32.621915
800.000000 800.000000 -34.897227
850.000000 800.000000 -37.650151
900.000000 800.000000 -40.699176
950.000000 800.000000 -43.862794
1000.000000 800.000000 -46.951447
1050.000000 800.000000 -49.830085
1100.000000 800.000000 -52.406303
1150.000000 800.000000 -54.561633
1200.000000 800.000000 -56.145218
1250.000000 800.000000 -57.008578
1300.000000 800.000000 -57.005315
1350.000000 800.000000 -56.775790
1400.000000 800.000000 -56.830149
1450.000000 800.000000 -56.718315
1500.000000 800.000000 -55.995784
1550.000000 800.000000 -54.348277
1600.000000 800.000000 -51.703384
1650.000000 800.000000 -48.261705
1700.000000 800.000000 -44.223842
1750.000000 800.000000 -39.790830
1800.000000 800.000000 -35.174770
1850.000000 800.000000 -30.521424
1900.000000 800.000000 -25.948433
1950.000000 800.000000 -21.583877
2000.000000 800.000000 -17.599407
2050.000000 800.000000 -14.166946
2100.000000 800.000000 -11.457635
2150.000000 800.000000 -9.642618
2200.000000 800.000000 -8.264490
2250.000000 800.000000 -6.412306
2300.000000 800.000000 -4.233662
2350.000000 800.000000 -2.389694
2400.000000 800.000000 -1.126059
2450.000000 800.000000 -0.578282
2500.000000 800.000000 -0.747840
2550.000000 800.000000 -1.503622
2600.000000 800.000000 -2.422595
2650.000000 800.000000 -3.403111
2700.000000 800.000000 -4.839630
2750.000000 800.000000 -7.151320
2800.000000 800.000000 -10.266198
2850.000000 800.000000 -14.111943
2900.000000 800.000000 -18.616233
2950.000000 800.000000 -23.706427
0.000000 850.000000 -46.607403
50.000000 850.000000 -43.994821
100.000000 850.000000 -41.553760
150.000000 850.000000 -39.299779
200.000000 850.000000 -37.248439
250.000000 850.000000 -35.415301
300.000000 850.000000 -33.815926
350.000000 850.000000 -32.465873
400.000000 850.000000 -31.380704
450.000000 850.000000 -30.576815
500.000000 850.000000 -30.098637
550.000000 850.000000 -29.990626
600.000000 850.000000 -30.288291
650.000000 850.000000 -31.027142
700.000000 850.000000 -32.242688
750.000000 850.000000 -33.970438
800.000000 850.000000 -36.267315
850.000000 850.000000 -39.045563
900.000000 850.000000 -42.123672
950.000000 850.000000 -45.308422
1000.000000 850.000000 -48.412891
1050.000000 850.000000 -51.338419
1100.000000 850.000000 -53.992817
1150.000000 850.000000 -56.283896
1200.000000 850.000000 -58.104249
1250.000000 850.000000 -59.296380
1300.000000 850.000000 -59.710793
1350.000000 850.000000 -59.300507
1400.000000 850.000000 -58.967808
1450.000000 850.000000 -58.699463
1500.000000 850.000000 -57.863017
1550.000000 850.000000 -56.098079
1600.000000 850.000000 -53.318708
1650.000000 850.000000 -49.725505
1700.000000 850.000000 -45.519070
1750.000000 850.000000 -40.927620
1800.000000 850.000000 -36.133416
1850.000000 850.000000 -31.254233
1900.000000 850.000000 -26.407712
1950.000000 850.000000 -21.711496
2000.000000 850.000000 -17.283503
2050.000000 850.000000 -13.280244
2100.000000 850.000000 -9.884391
2150.000000 850.000000 -7.267085
2200.000000 850.000000 -5.597020
2250.000000 850.000000 -4.106864
2300.000000 850.000000 -2.151399
2350.000000 850.000000 -0.264368
2400.000000 850.000000 1.041340
2450.000000 850.000000 1.626309
2500.000000 850.000000 1.485169
2550.000000 850.000000 0.910894
2600.000000 850.000000 0.267653
2650.000000 850.000000 -0.709166
2700.000000 850.000000 -2.566352
2750.000000 850.000000 -5.248308
2800.000000 850.000000 -8.682713
2850.000000 850.000000 -12.795700
2900.000000 850.000000 -17.517973
2950.000000 850.000000 -22.796465
0.000000 900.000000 -47.517664
50.000000 900.000000 -44.894803
100.000000 900.000000 -42.453135
150.000000 900.000000 -40.208221
200.000000 900.000000 -38.175621
250.000000 900.000000 -36.370895
300.000000 900.000000 -34.809605
350.000000 900.000000 -33.507310
400.000000 900.000000 -32.479571
450.000000 900.000000 -31.741949
500.000000 900.000000 -31.310005
550.000000 900.000000 -31.225387
600.000000 900.000000 -31.545608
650.000000 900.000000 -32.306195
700.000000 900.000000 -33.542656
750.000000 900.000000 -35.290502
800.000000 900.000000 -37.608944
850.000000 900.000000 -40.412516
900.000000 900.000000 -43.515145
950.000000 900.000000 -46.687196
1000.000000 900.000000 -49.803641
1050.000000 900.000000 -52.772290
1100.000000 900.000000 -55.500955
1150.000000 900.000000 -57.897445
1200.000000 900.000000 -59.869571
1250.000000 900.000000 -61.319985
1300.000000 900.000000 -62.091446
1350.000000 900.000000 -62.027696
1400.000000 900.000000 -61.329182
1450.000000 900.000000 -60.815582
1500.000000 900.000000 -59.866832
1550.000000 900.000000 -57.986075
1600.000000 900.000000 -55.073838
1650.000000 900.000000 -51.330721
1700.000000 900.000000 -46.986983
1750.000000 900.000000 -42.271405
1800.000000 900.000000 -37.305510
1850.000000 900.000000 -32.206943
1900.000000 900.000000 -27.093345
1950.000000 900.000000 -22.082359
2000.000000 900.000000 -17.291629
2050.000000 900.000000 -12.838797
2100.000000 900.000000 -8.850057
2150.000000 900.000000 -5.516941
2200.000000 900.000000 -3.017770
2250.000000 900.000000 -1.473438
2300.000000 900.000000 0.126972
2350.000000 900.000000 1.992226
2400.000000 900.000000 3.340007
2450.000000 900.000000 3.962168
2500.000000 900.000000 3.880883
2550.000000 900.000000 3.588797
2600.000000 900.000000 3.064641
2650.000000 900.000000 1.680275
2700.000000 900.000000 -0.550443
2750.000000 900.000000 -3.554517
2800.000000 900.000000 -7.254493
2850.000000 900.000000 -11.592920
2900.000000 900.000000 -16.517788
2950.000000 900.000000 -21.977088
0.000000 950.000000 -48.282402
50.000000 950.000000 -45.654006
100.000000 950.000000 -43.216475
150.000000 950.000000 -40.985371
200.000000 950.000000 -38.976253
250.000000 950.000000 -37.204683
300.000000 950.000000 -35.686221
350.000000 950.000000 -34.436427
400.000000 950.000000 -33.470863
450.000000 950.000000 -32.805087
500.000000 950.000000 -32.454662
550.000000 950.000000 -32.435147
600.000000 950.000000 -32.780158
650.000000 950.000000 -33.562480
700.000000 950.000000 -34.819857
750.000000 950.000000 -36.587798
800.000000 950.000000 -38.927805
850.000000 950.000000 -41.756701
900.000000 950.000000 -44.838031
950.000000 950.000000 -47.987143
1000.000000 950.000000 -51.111793
1050.000000 950.000000 -54.119794
1100.000000 950.000000 -56.918954
1150.000000 950.000000 -59.417085
1200.000000 950.000000 -61.521997
1250.000000 950.000000 -63.141501
1300.000000 950.000000 -64.183302
1350.000000 950.000000 -64.504879
1400.000000 950.000000 -63.934261
1450.000000 950.000000 -63.064275
1500.000000 950.000000 -62.004833
1550.000000 950.000000 -60.009869
1600.000000 950.000000 -56.966377
1650.000000 950.000000 -53.098381
1700.000000 950.000000 -48.680909
1750.000000 950.000000 -43.847786
1800.000000 950.000000 -38.716654
1850.000000 950.000000 -33.405155
1900.000000 950.000000 -28.030934
1950.000000 950.000000 -22.711632
2000.000000 950.000000 -17.564892
2050.000000 950.000000 -12.708357
2100.000000 950.000000 -8.259669
2150.000000 950.000000 -4.336472
2200.000000 950.000000 -1.092954
2250.000000 950.000000 1.261952
2300.000000 950.000000 2.717238
2350.000000 950.000000 4.387720
2400.000000 950.000000 5.777575
2450.000000 950.000000 6.436928
2500.000000 950.000000 6.531658
2550.000000 950.000000 6.452126
2600.000000 950.000000 5.558896
2650.000000 950.000000 3.797732
2700.000000 950.000000 1.248427
2750.000000 950.000000 -2.021568
2800.000000 950.000000 -5.960236
2850.000000 950.000000 -10.515566
2900.000000 950.000000 -15.635549
2950.000000 950.000000 -21.268177
