# X, Y, Z
0.000000 0.000000 35.355031
50.000000 0.000000 39.715810
100.000000 0.000000 43.776631
150.000000 0.000000 47.515639
200.000000 0.000000 50.910979
250.000000 0.000000 53.940794
300.000000 0.000000 56.583229
350.000000 0.000000 58.816428
400.000000 0.000000 60.618534
450.000000 0.000000 61.967693
500.000000 0.000000 62.842047
550.000000 0.000000 63.219742
600.000000 0.000000 63.078922
650.000000 0.000000 62.397729
700.000000 0.000000 61.154310
750.000000 0.000000 59.336951
800.000000 0.000000 56.989638
850.000000 0.000000 53.969469
900.000000 0.000000 50.379091
950.000000 0.000000 46.332151
1000.000000 0.000000 41.942292
1050.000000 0.000000 37.323162
1100.000000 0.000000 32.588403
1150.000000 0.000000 27.851663
1200.000000 0.000000 23.226586
1250.000000 0.000000 18.826817
1300.000000 0.000000 14.766001
1350.000000 0.000000 11.157784
1400.000000 0.000000 8.115811
1450.000000 0.000000 5.753727
1500.000000 0.000000 4.187472
1550.000000 0.000000 3.374339
1600.000000 0.000000 3.218335
1650.000000 0.000000 3.657597
1700.000000 0.000000 4.619482
1750.000000 0.000000 6.031341
1800.000000 0.000000 7.820532
1850.000000 0.000000 9.914406
1900.000000 0.000000 12.240319
1950.000000 0.000000 14.725625
2000.000000 0.000000 17.297678
2050.000000 0.000000 19.883833
2100.000000 0.000000 22.411443
2150.000000 0.000000 24.807863
2200.000000 0.000000 27.000448
2250.000000 0.000000 28.916551
2300.000000 0.000000 30.483527
2350.000000 0.000000 31.628730
2400.000000 0.000000 32.275724
2450.000000 0.000000 32.290678
2500.000000 0.000000 31.758801
2550.000000 0.000000 30.710556
2600.000000 0.000000 29.173098
2650.000000 0.000000 27.173582
2700.000000 0.000000 24.739164
2750.000000 0.000000 21.896999
2800.000000 0.000000 18.674243
2850.000000 0.000000 15.098052
2900.000000 0.000000 11.195580
2950.000000 0.000000 6.993984
0.000000 50.000000 34.471283
50.000000 50.000000 38.748208
100.000000 50.000000 42.711590
150.000000 50.000000 46.339573
200.000000 50.000000 49.610301
250.000000 50.000000 52.501919
300.000000 50.000000 54.992571
350.000000 50.000000 57.060400
400.000000 50.000000 58.683550
450.000000 50.000000 59.840167
500.000000 50.000000 60.508394
550.000000 50.000000 60.666375
600.000000 50.000000 60.292254
650.000000 50.000000 59.356592
700.000000 50.000000 57.891062
750.000000 50.000000 56.114481
800.000000 50.000000 53.934543
850.000000 50.000000 51.445640
900.000000 50.000000 48.335861
950.000000 50.000000 44.731126
1000.000000 50.000000 40.745079
1050.000000 50.000000 36.491366
1100.000000 50.000000 32.083633
1150.000000 50.000000 27.635523
1200.000000 50.000000 23.260683
1250.000000 50.000000 19.072757
1300.000000 50.000000 15.185392
1350.000000 50.000000 11.712231
1400.000000 50.000000 8.766920
1450.000000 50.000000 6.463105
1500.000000 50.000000 4.992328
1550.000000 50.000000 4.361629
1600.000000 50.000000 3.960121
1650.000000 50.000000 4.226288
1700.000000 50.000000 5.044528
1750.000000 50.000000 6.342194
1800.000000 50.000000 8.046642
1850.000000 50.000000 10.085225
1900.000000 50.000000 12.385298
1950.000000 50.000000 14.874214
2000.000000 50.000000 17.479328
2050.000000 50.000000 20.127995
2100.000000 50.000000 22.747569
2150.000000 50.000000 25.265404
2200.000000 50.000000 27.608854
2250.000000 50.000000 29.705273
2300.000000 50.000000 31.482016
2350.000000 50.000000 32.866437
2400.000000 50.000000 33.657013
2450.000000 50.000000 33.644382
2500.000000 50.000000 32.987667
2550.000000 50.000000 31.825958
2600.000000 50.000000 30.186411
2650.000000 50.000000 28.096182
2700.000000 50.000000 25.582427
2750.000000 50.000000 22.672302
2800.000000 50.000000 19.392961
2850.000000 50.000000 15.771560
2900.000000 50.000000 11.835256
2950.000000 50.000000 7.611202
0.000000 100.000000 33.364239
50.000000 100.000000 37.551306
100.000000 100.000000 41.411245
150.000000 100.000000 44.922198
200.000000 100.000000 48.062311
250.000000 100.000000 50.809727
300.000000 100.000000 53.142590
350.000000 100.000000 55.039045
400.000000 100.000000 56.477236
450.000000 100.000000 57.435306
500.000000 100.000000 57.890042
550.000000 100.000000 57.807774
600.000000 100.000000 57.158023
650.000000 100.000000 56.059114
700.000000 100.000000 54.824326
750.000000 100.000000 53.041425
800.000000 100.000000 50.625628
850.000000 100.000000 48.534446
900.000000 100.000000 45.936970
950.000000 100.000000 42.778145
1000.000000 100.000000 39.199616
1050.000000 100.000000 35.315026
1100.000000 100.000000 31.238022
1150.000000 100.000000 27.082248
1200.000000 100.000000 22.961351
1250.000000 100.000000 18.988974
1300.000000 100.000000 15.278763
1350.000000 100.000000 11.944364
1400.000000 100.000000 9.099421
1450.000000 100.000000 6.880419
1500.000000 100.000000 5.578545
1550.000000 100.000000 5.361198
1600.000000 100.000000 5.092728
1650.000000 100.000000 5.078458
1700.000000 100.000000 5.733551
1750.000000 100.000000 6.909965
1800.000000 100.000000 8.522611
1850.000000 100.000000 10.498843
1900.000000 100.000000 12.766016
1950.000000 100.000000 15.251483
2000.000000 100.000000 17.882600
2050.000000 100.000000 20.586720
2100.000000 100.000000 23.291198
2150.000000 100.000000 25.923388
2200.000000 100.000000 28.410644
2250.000000 100.000000 30.680320
2300.000000 100.000000 32.659772
2350.000000 100.000000 34.206495
2400.000000 100.000000 35.049752
2450.000000 100.000000 35.083610
2500.000000 100.000000 34.376355
2550.000000 100.000000 33.109442
2600.000000 100.000000 31.376068
2650.000000 100.000000 29.203387
2700.000000 100.000000 26.618557
2750.000000 100.000000 23.648732
2800.000000 100.000000 20.321067
2850.000000 100.000000 16.662719
2900.000000 100.000000 12.700843
2950.000000 100.000000 8.462593
0.000000 150.000000 32.065953
50.000000 150.000000 36.157158
100.000000 150.000000 39.907648
150.000000 150.000000 43.295568
200.000000 150.000000 46.299060
250.000000 150.000000 48.896270
300.000000 150.000000 51.065340
350.000000 150.000000 52.784417
400.000000 150.000000 54.026463
450.000000 150.000000 54.758878
500.000000 150.000000 54.952559
550.000000 150.000000 54.578413
600.000000 150.000000 53.867033
650.000000 150.000000 53.072127
700.000000 150.000000 51.918686
750.000000 150.000000 50.110665
800.000000 150.000000 47.616953
850.000000 150.000000 45.184281
900.000000 150.000000 43.156921
950.000000 150.000000 40.493548
1000.000000 150.000000 37.328438
1050.000000 150.000000 33.816677
1100.000000 150.000000 30.074108
1150.000000 150.000000 26.214375
1200.000000 150.000000 22.351125
1250.000000 150.000000 18.598002
1300.000000 150.000000 15.068651
1350.000000 150.000000 11.876718
1400.000000 150.000000 9.137808
1450.000000 150.000000 7.080393
1500.000000 150.000000 5.949115
1550.000000 150.000000 5.916935
1600.000000 150.000000 6.460508
1650.000000 150.000000 6.364331
1700.000000 150.000000 6.716079
1750.000000 150.000000 7.713618
1800.000000 150.000000 9.226356
1850.000000 150.000000 11.133178
1900.000000 150.000000 13.360392
1950.000000 150.000000 15.835352
2000.000000 150.000000 18.485412
2050.000000 150.000000 21.237926
2100.000000 150.000000 24.020248
2150.000000 150.000000 26.759734
2200.000000 150.000000 29.383737
2250.000000 150.000000 31.819611
2300.000000 150.000000 33.962435
2350.000000 150.000000 35.567630
2400.000000 150.000000 36.463478
2450.000000 150.000000 36.543826
2500.000000 150.000000 35.870079
2550.000000 150.000000 34.541022
2600.000000 150.000000 32.722081
2650.000000 150.000000 30.475211
2700.000000 150.000000 27.827566
2750.000000 150.000000 24.806302
2800.000000 150.000000 21.438575
2850.000000 150.000000 17.751541
2900.000000 150.000000 13.772353
2950.000000 150.000000 9.528170
0.000000 200.000000 30.608477
50.000000 200.000000 34.597816
100.000000 200.000000 38.232854
150.000000 200.000000 41.491734
200.000000 200.000000 44.352602
250.000000 200.000000 46.792821
300.000000 200.000000 48.782100
350.000000 200.000000 50.290488
400.000000 200.000000 51.288892
450.000000 200.000000 51.748218
500.000000 200.000000 51.652623
550.000000 200.000000 51.335898
600.000000 200.000000 50.932454
650.000000 200.000000 50.327785
700.000000 200.000000 49.148229
750.000000 200.000000 47.315089
800.000000 200.000000 44.794420
850.000000 200.000000 41.951858
900.000000 200.000000 39.935403
950.000000 200.000000 37.835703
1000.000000 200.000000 35.145544
1050.000000 200.000000 32.018854
1100.000000 200.000000 28.614425
1150.000000 200.000000 25.054439
1200.000000 200.000000 21.452541
1250.000000 200.000000 17.922377
1300.000000 200.000000 14.577592
1350.000000 200.000000 11.531831
1400.000000 200.000000 8.946042
1450.000000 200.000000 7.069730
1500.000000 200.000000 6.107035
1550.000000 200.000000 6.247831
1600.000000 200.000000 7.315029
1650.000000 200.000000 8.031530
1700.000000 200.000000 8.143942
1750.000000 200.000000 8.840607
1800.000000 200.000000 10.153622
1850.000000 200.000000 11.966149
1900.000000 200.000000 14.146345
1950.000000 200.000000 16.603737
2000.000000 200.000000 19.265681
2050.000000 200.000000 22.059529
2100.000000 200.000000 24.912638
2150.000000 200.000000 27.752360
2200.000000 200.000000 30.506051
2250.000000 200.000000 33.089745
2300.000000 200.000000 35.300270
2350.000000 200.000000 36.959292
2400.000000 200.000000 37.907733
2450.000000 200.000000 38.034571
2500.000000 200.000000 37.396346
2550.000000 200.000000 36.085318
2600.000000 200.000000 34.204463
2650.000000 200.000000 31.891664
2700.000000 200.000000 29.189466
2750.000000 200.000000 26.125025
2800.000000 200.000000 22.725497
2850.000000 200.000000 19.018037
2900.000000 200.000000 15.029801
2950.000000 200.000000 10.787943
0.000000 250.000000 29.023864
50.000000 250.000000 32.905332
100.000000 250.000000 36.418913
150.000000 250.000000 39.539742
200.000000 250.000000 42.237534
250.000000 250.000000 44.483186
300.000000 250.000000 46.247603
350.000000 250.000000 47.501691
400.000000 250.000000 48.216357
450.000000 250.000000 48.420486
500.000000 250.000000 48.486789
550.000000 250.000000 48.463052
600.000000 250.000000 48.309069
650.000000 250.000000 47.711540
700.000000 250.000000 46.505840
750.000000 250.000000 44.647581
800.000000 250.000000 42.099956
850.000000 250.000000 39.041834
900.000000 250.000000 36.494804
950.000000 250.000000 34.762413
1000.000000 250.000000 32.604529
1050.000000 250.000000 29.926677
1100.000000 250.000000 26.881503
1150.000000 250.000000 23.624976
1200.000000 250.000000 20.288136
1250.000000 250.000000 16.984636
1300.000000 250.000000 13.828122
1350.000000 250.000000 10.944209
1400.000000 250.000000 8.548647
1450.000000 250.000000 6.851424
1500.000000 250.000000 6.055297
1550.000000 250.000000 6.367056
1600.000000 250.000000 7.691151
1650.000000 250.000000 9.253112
1700.000000 250.000000 10.038819
1750.000000 250.000000 10.399065
1800.000000 250.000000 11.419544
1850.000000 250.000000 13.026935
1900.000000 250.000000 15.105108
1950.000000 250.000000 17.534557
2000.000000 250.000000 20.201325
2050.000000 250.000000 23.029450
2100.000000 250.000000 25.946285
2150.000000 250.000000 28.879185
2200.000000 250.000000 31.753332
2250.000000 250.000000 34.412583
2300.000000 250.000000 36.678173
2350.000000 250.000000 38.391023
2400.000000 250.000000 39.392055
2450.000000 250.000000 39.565383
2500.000000 250.000000 38.962681
2550.000000 250.000000 37.676208
2600.000000 250.000000 35.798225
2650.000000 250.000000 33.432759
2700.000000 250.000000 30.684269
2750.000000 250.000000 27.584913
2800.000000 250.000000 24.161845
2850.000000 250.000000 20.442221
2900.000000 250.000000 16.453238
2950.000000 250.000000 12.229653
0.000000 300.000000 27.343857
50.000000 300.000000 31.105752
100.000000 300.000000 34.473350
150.000000 300.000000 37.417555
200.000000 300.000000 39.909275
250.000000 300.000000 41.919417
300.000000 300.000000 43.418885
350.000000 300.000000 44.378587
400.000000 300.000000 44.903209
450.000000 300.000000 45.340783
500.000000 300.000000 45.684998
550.000000 300.000000 45.906810
600.000000 300.000000 45.840947
650.000000 300.000000 45.216248
700.000000 300.000000 43.984403
750.000000 300.000000 42.101025
800.000000 300.000000 39.526444
850.000000 300.000000 36.401840
900.000000 300.000000 33.382493
950.000000 300.000000 31.282406
1000.000000 300.000000 29.674110
1050.000000 300.000000 27.497134
1100.000000 300.000000 24.870683
1150.000000 300.000000 21.947401
1200.000000 300.000000 18.880445
1250.000000 300.000000 15.807315
1300.000000 300.000000 12.843614
1350.000000 300.000000 10.154587
1400.000000 300.000000 7.948620
1450.000000 300.000000 6.428471
1500.000000 300.000000 5.796898
1550.000000 300.000000 6.277605
1600.000000 300.000000 7.791956
1650.000000 300.000000 9.949160
1700.000000 300.000000 11.624677
1750.000000 300.000000 12.446929
1800.000000 300.000000 13.097203
1850.000000 300.000000 14.420396
1900.000000 300.000000 16.301060
1950.000000 300.000000 18.623067
2000.000000 300.000000 21.270289
2050.000000 300.000000 24.125605
2100.000000 300.000000 27.099107
2150.000000 300.000000 30.118108
2200.000000 300.000000 33.069477
2250.000000 300.000000 35.785028
2300.000000 300.000000 38.105683
2350.000000 300.000000 39.872362
2400.000000 300.000000 40.925985
2450.000000 300.000000 41.145803
2500.000000 300.000000 40.578624
2550.000000 300.000000 39.316707
2600.000000 300.000000 37.452311
2650.000000 300.000000 35.077697
2700.000000 300.000000 32.291989
2750.000000 300.000000 29.165977
2800.000000 300.000000 25.727631
2850.000000 300.000000 22.006561
2900.000000 300.000000 18.044801
2950.000000 300.000000 13.887578
0.000000 350.000000 25.570129
50.000000 350.000000 29.174179
100.000000 350.000000 32.354493
150.000000 350.000000 35.081977
200.000000 350.000000 37.327538
250.000000 350.000000 39.062082
300.000000 350.000000 40.256515
350.000000 350.000000 41.121871
400.000000 350.000000 41.918961
450.000000 350.000000 42.619371
500.000000 350.000000 43.194058
550.000000 350.000000 43.576797
600.000000 350.000000 43.486663
650.000000 350.000000 42.834794
700.000000 350.000000 41.576805
750.000000 350.000000 39.668308
800.000000 350.000000 37.066771
850.000000 350.000000 33.910511
900.000000 350.000000 30.575699
950.000000 350.000000 27.963209
1000.000000 350.000000 26.329576
1050.000000 350.000000 24.704229
1100.000000 350.000000 22.547255
1150.000000 350.000000 20.011298
1200.000000 350.000000 17.249002
1250.000000 350.000000 14.412948
1300.000000 350.000000 11.656267
1350.000000 350.000000 9.167341
1400.000000 350.000000 7.148954
1450.000000 350.000000 5.803865
1500.000000 350.000000 5.334831
1550.000000 350.000000 5.982471
1600.000000 350.000000 7.685064
1650.000000 350.000000 10.188408
1700.000000 350.000000 12.645635
1750.000000 350.000000 14.394280
1800.000000 350.000000 15.245212
1850.000000 350.000000 16.205859
1900.000000 350.000000 17.810665
1950.000000 350.000000 19.943501
2000.000000 350.000000 22.488240
2050.000000 350.000000 25.328754
2100.000000 350.000000 28.349023
2150.000000 350.000000 31.435862
2200.000000 350.000000 34.444769
2250.000000 350.000000 37.216621
2300.000000 350.000000 39.592341
2350.000000 350.000000 41.412848
2400.000000 350.000000 42.519063
2450.000000 350.000000 42.785371
2500.000000 350.000000 42.253714
2550.000000 350.000000 41.016352
2600.000000 350.000000 39.165545
2650.000000 350.000000 36.793552
2700.000000 350.000000 33.992632
2750.000000 350.000000 30.848590
2800.000000 350.000000 27.412876
2850.000000 350.000000 23.730292
2900.000000 350.000000 19.846025
2950.000000 350.000000 15.805259
0.000000 400.000000 23.663838
50.000000 400.000000 27.069956
100.000000 400.000000 30.022900
150.000000 400.000000 32.493576
200.000000 400.000000 34.452891
250.000000 400.000000 35.881740
300.000000 400.000000 37.097550
350.000000 400.000000 38.242401
400.000000 400.000000 39.287251
450.000000 400.000000 40.203058
500.000000 400.000000 40.959437
550.000000 400.000000 41.357430
600.000000 400.000000 41.239102
650.000000 400.000000 40.560064
700.000000 400.000000 39.275930
750.000000 400.000000 37.342313
800.000000 400.000000 34.713821
850.000000 400.000000 31.525906
900.000000 400.000000 28.026792
950.000000 400.000000 24.980281
1000.000000 400.000000 22.815904
1050.000000 400.000000 21.523250
1100.000000 400.000000 19.886507
1150.000000 400.000000 17.788628
1200.000000 400.000000 15.382258
1250.000000 400.000000 12.820041
1300.000000 400.000000 10.276305
1350.000000 400.000000 7.985466
1400.000000 400.000000 6.152645
1450.000000 400.000000 4.980601
1500.000000 400.000000 4.672091
1550.000000 400.000000 5.484650
1600.000000 400.000000 7.373471
1650.000000 400.000000 10.087802
1700.000000 400.000000 13.170426
1750.000000 400.000000 15.737364
1800.000000 400.000000 17.526472
1850.000000 400.000000 18.441940
1900.000000 400.000000 19.692539
1950.000000 400.000000 21.557855
2000.000000 400.000000 23.921762
2050.000000 400.000000 26.668132
2100.000000 400.000000 29.680837
2150.000000 400.000000 32.822304
2200.000000 400.000000 35.888748
2250.000000 400.000000 38.716902
2300.000000 400.000000 41.147686
2350.000000 400.000000 43.022021
2400.000000 400.000000 44.180828
2450.000000 400.000000 44.493626
2500.000000 400.000000 43.997492
2550.000000 400.000000 42.784686
2600.000000 400.000000 40.947467
2650.000000 400.000000 38.578095
2700.000000 400.000000 35.769318
2750.000000 400.000000 32.636352
2800.000000 400.000000 29.250297
2850.000000 400.000000 25.656338
2900.000000 400.000000 21.899660
2950.000000 400.000000 18.025448
0.000000 450.000000 21.585553
50.000000 450.000000 24.753652
100.000000 450.000000 27.439139
150.000000 450.000000 29.612921
200.000000 450.000000 31.296189
250.000000 450.000000 32.851325
300.000000 450.000000 34.332181
350.000000 450.000000 35.709716
400.000000 450.000000 36.954888
450.000000 450.000000 38.038654
500.000000 450.000000 38.868899
550.000000 450.000000 39.237673
600.000000 450.000000 39.091149
650.000000 450.000000 38.384942
700.000000 450.000000 37.074663
750.000000 450.000000 35.115928
800.000000 450.000000 32.460479
850.000000 450.000000 29.240909
900.000000 450.000000 25.684106
950.000000 450.000000 22.285989
1000.000000 450.000000 19.652244
1050.000000 450.000000 17.972501
1100.000000 450.000000 16.863726
1150.000000 450.000000 15.254680
1200.000000 450.000000 13.254989
1250.000000 450.000000 11.017300
1300.000000 450.000000 8.706723
1350.000000 450.000000 6.611955
1400.000000 450.000000 4.962685
1450.000000 450.000000 3.961672
1500.000000 450.000000 3.811673
1550.000000 450.000000 4.787136
1600.000000 450.000000 6.860170
1650.000000 450.000000 9.780023
1700.000000 450.000000 13.267780
1750.000000 450.000000 16.544913
1800.000000 450.000000 19.188899
1850.000000 450.000000 20.985810
1900.000000 450.000000 22.005296
1950.000000 450.000000 23.524744
2000.000000 450.000000 25.629470
2050.000000 450.000000 28.203346
2100.000000 450.000000 31.130246
2150.000000 450.000000 34.286973
2200.000000 450.000000 37.410955
2250.000000 450.000000 40.295409
2300.000000 450.000000 42.781258
2350.000000 450.000000 44.709421
2400.000000 450.000000 45.920820
2450.000000 450.000000 46.280108
2500.000000 450.000000 45.819496
2550.000000 450.000000 44.631246
2600.000000 450.000000 42.807615
2650.000000 450.000000 40.440864
2700.000000 450.000000 37.641161
2750.000000 450.000000 34.568986
2800.000000 450.000000 31.282687
2850.000000 450.000000 27.827448
2900.000000 450.000000 24.248455
2950.000000 450.000000 20.584720
0.000000 500.000000 19.295843
50.000000 500.000000 22.185836
100.000000 500.000000 24.563779
150.000000 500.000000 26.521569
200.000000 500.000000 28.404275
250.000000 500.000000 30.209381
300.000000 500.000000 31.907846
350.000000 500.000000 33.470627
400.000000 500.000000 34.868681
450.000000 500.000000 36.061416
500.000000 500.000000 36.870855
550.000000 500.000000 37.210408
600.000000 500.000000 37.035690
650.000000 500.000000 36.302313
700.000000 500.000000 34.965890
750.000000 500.000000 32.982035
800.000000 500.000000 30.299630
850.000000 500.000000 27.048406
900.000000 500.000000 23.455248
950.000000 500.000000 19.832704
1000.000000 500.000000 16.807972
1050.000000 500.000000 14.623512
1100.000000 500.000000 13.454201
1150.000000 500.000000 12.384740
1200.000000 500.000000 10.842483
1250.000000 500.000000 8.980075
1300.000000 500.000000 6.950514
1350.000000 500.000000 5.049804
1400.000000 500.000000 3.582071
1450.000000 500.000000 2.750074
1500.000000 500.000000 2.756570
1550.000000 500.000000 3.892923
1600.000000 500.000000 6.148156
1650.000000 500.000000 9.271517
1700.000000 500.000000 13.012255
1750.000000 500.000000 16.885660
1800.000000 500.000000 20.276424
1850.000000 500.000000 22.964795
1900.000000 500.000000 24.736846
1950.000000 500.000000 25.902783
2000.000000 500.000000 27.669979
2050.000000 500.000000 29.993013
2100.000000 500.000000 32.755758
2150.000000 500.000000 35.842085
2200.000000 500.000000 39.020928
2250.000000 500.000000 41.961684
2300.000000 500.000000 44.502597
2350.000000 500.000000 46.484589
2400.000000 500.000000 47.748579
2450.000000 500.000000 48.154357
2500.000000 500.000000 47.729268
2550.000000 500.000000 46.565573
2600.000000 500.000000 44.755530
2650.000000 500.000000 42.391400
2700.000000 500.000000 39.650529
2750.000000 500.000000 36.689241
2800.000000 500.000000 33.552794
2850.000000 500.000000 30.286372
2900.000000 500.000000 26.935160
2950.000000 500.000000 23.071427
0.000000 550.000000 16.755275
50.000000 550.000000 19.327075
100.000000 550.000000 21.578958
150.000000 550.000000 23.777479
200.000000 550.000000 25.895080
250.000000 550.000000 27.902719
300.000000 550.000000 29.771353
350.000000 550.000000 31.471941
400.000000 550.000000 32.975439
450.000000 550.000000 34.178995
500.000000 550.000000 34.958189
550.000000 550.000000 35.268523
600.000000 550.000000 35.065609
650.000000 550.000000 34.305063
700.000000 550.000000 32.942495
750.000000 550.000000 30.933522
800.000000 550.000000 28.224160
850.000000 550.000000 24.941281
900.000000 550.000000 21.311769
950.000000 550.000000 17.572791
1000.000000 550.000000 14.235455
1050.000000 550.000000 11.624660
1100.000000 550.000000 9.926005
1150.000000 550.000000 9.154097
1200.000000 550.000000 8.120027
1250.000000 550.000000 6.683654
1300.000000 550.000000 4.997620
1350.000000 550.000000 3.302007
1400.000000 550.000000 2.013796
1450.000000 550.000000 1.348801
1500.000000 550.000000 1.509779
1550.000000 550.000000 2.805007
1600.000000 550.000000 5.240423
1650.000000 550.000000 8.565277
1700.000000 550.000000 12.528818
1750.000000 550.000000 16.828337
1800.000000 550.000000 20.857780
1850.000000 550.000000 24.329512
1900.000000 550.000000 27.029606
1950.000000 550.000000 28.744134
2000.000000 550.000000 30.101904
2050.000000 550.000000 32.095747
2100.000000 550.000000 34.615988
2150.000000 550.000000 37.546499
2200.000000 550.000000 40.728209
2250.000000 550.000000 43.725265
2300.000000 550.000000 46.321243
2350.000000 550.000000 48.357063
2400.000000 550.000000 49.673645
2450.000000 550.000000 50.125912
2500.000000 550.000000 49.736347
2550.000000 550.000000 48.597207
2600.000000 550.000000 46.800753
2650.000000 550.000000 44.459096
2700.000000 550.000000 41.840171
2750.000000 550.000000 39.039867
2800.000000 550.000000 36.103367
2850.000000 550.000000 33.075858
2900.000000 550.000000 29.672977
2950.000000 550.000000 25.245629
0.000000 600.000000 13.931658
50.000000 600.000000 16.489436
100.000000 600.000000 18.992016
150.000000 600.000000 21.410357
200.000000 600.000000 23.715414
250.000000 600.000000 25.878147
300.000000 600.000000 27.869512
350.000000 600.000000 29.660467
400.000000 600.000000 31.202442
450.000000 600.000000 32.374839
500.000000 600.000000 33.123787
550.000000 600.000000 33.404901
600.000000 600.000000 33.173792
650.000000 600.000000 32.386076
700.000000 600.000000 30.997365
750.000000 600.000000 28.963271
800.000000 600.000000 26.226954
850.000000 600.000000 22.912420
900.000000 600.000000 19.246554
950.000000 600.000000 15.456244
1000.000000 600.000000 11.887063
1050.000000 600.000000 8.928316
1100.000000 600.000000 6.767977
1150.000000 600.000000 5.591645
1200.000000 600.000000 5.062909
1250.000000 600.000000 4.103324
1300.000000 600.000000 2.811927
1350.000000 600.000000 1.371559
1400.000000 600.000000 0.260856
1450.000000 600.000000 -0.239153
1500.000000 600.000000 0.074292
1550.000000 600.000000 1.526381
1600.000000 600.000000 4.139967
1650.000000 600.000000 7.664299
1700.000000 600.000000 11.848627
1750.000000 600.000000 16.441675
1800.000000 600.000000 21.001698
1850.000000 600.000000 25.148693
1900.000000 600.000000 28.668731
1950.000000 600.000000 31.347886
2000.000000 600.000000 32.983862
2050.000000 600.000000 34.570164
2100.000000 600.000000 36.769553
2150.000000 600.000000 39.465899
2200.000000 600.000000 42.542335
2250.000000 600.000000 45.595693
2300.000000 600.000000 48.246736
2350.000000 600.000000 50.336383
2400.000000 600.000000 51.705557
2450.000000 600.000000 52.204315
2500.000000 600.000000 51.850272
2550.000000 600.000000 50.735687
2600.000000 600.000000 48.952821
2650.000000 600.000000 46.699648
2700.000000 600.000000 44.252838
2750.000000 600.000000 41.663613
2800.000000 600.000000 38.977158
2850.000000 600.000000 36.028302
2900.000000 600.000000 32.081587
2950.000000 600.000000 27.148398
0.000000 650.000000 11.274081
50.000000 650.000000 14.068965
100.000000 650.000000 16.776289
150.000000 650.000000 19.367010
200.000000 650.000000 21.812086
250.000000 650.000000 24.082473
300.000000 650.000000 26.149130
350.000000 650.000000 27.981543
400.000000 650.000000 29.500705
450.000000 650.000000 30.641831
500.000000 650.000000 31.360534
550.000000 650.000000 31.612427
600.000000 650.000000 31.353124
650.000000 650.000000 30.538238
700.000000 650.000000 29.123382
750.000000 650.000000 27.064170
800.000000 650.000000 24.300897
850.000000 650.000000 20.954707
900.000000 650.000000 17.252488
950.000000 650.000000 13.421124
1000.000000 650.000000 9.715164
1050.000000 650.000000 6.486846
1100.000000 650.000000 3.943207
1150.000000 650.000000 2.269844
1200.000000 650.000000 1.646417
1250.000000 650.000000 1.214374
1300.000000 650.000000 0.368367
1350.000000 650.000000 -0.738547
1400.000000 650.000000 -1.673756
1450.000000 650.000000 -2.010792
1500.000000 650.000000 -1.546895
1550.000000 650.000000 0.060040
1600.000000 650.000000 2.849781
1650.000000 650.000000 6.571577
1700.000000 650.000000 10.974678
1750.000000 650.000000 15.808332
1800.000000 650.000000 20.776911
1850.000000 650.000000 25.491069
1900.000000 650.000000 29.722954
1950.000000 650.000000 33.258636
2000.000000 650.000000 35.884188
2050.000000 650.000000 37.474880
2100.000000 650.000000 39.275066
2150.000000 650.000000 41.658898
2200.000000 650.000000 44.510249
2250.000000 650.000000 47.582507
2300.000000 650.000000 50.288614
2350.000000 650.000000 52.432090
2400.000000 650.000000 53.853856
2450.000000 650.000000 54.399103
2500.000000 650.000000 54.080583
2550.000000 650.000000 52.990554
2600.000000 650.000000 51.231841
2650.000000 650.000000 49.155878
2700.000000 650.000000 46.931279
2750.000000 650.000000 44.603229
2800.000000 650.000000 42.100319
2850.000000 650.000000 38.657133
2900.000000 650.000000 34.200495
2950.000000 650.000000 28.820806
0.000000 700.000000 9.029405
50.000000 700.000000 12.013958
100.000000 700.000000 14.878586
150.000000 700.000000 17.594249
200.000000 700.000000 20.131903
250.000000 700.000000 22.462507
300.000000 700.000000 24.557016
350.000000 700.000000 26.376135
400.000000 700.000000 27.863002
450.000000 700.000000 28.972857
500.000000 700.000000 29.661315
550.000000 700.000000 29.883988
600.000000 700.000000 29.596490
650.000000 700.000000 28.754434
700.000000 700.000000 27.313434
750.000000 700.000000 25.229103
800.000000 700.000000 22.438874
850.000000 700.000000 19.061029
900.000000 700.000000 15.322455
950.000000 700.000000 11.450039
1000.000000 700.000000 7.672125
1050.000000 700.000000 4.252620
1100.000000 700.000000 1.404063
1150.000000 700.000000 -0.687949
1200.000000 700.000000 -1.837818
1250.000000 700.000000 -2.007909
1300.000000 700.000000 -2.357772
1350.000000 700.000000 -3.051108
1400.000000 700.000000 -3.787045
1450.000000 700.000000 -3.963123
1500.000000 700.000000 -3.350788
1550.000000 700.000000 -1.591021
1600.000000 700.000000 1.372860
1650.000000 700.000000 5.290106
1700.000000 700.000000 9.909965
1750.000000 700.000000 14.981686
1800.000000 700.000000 20.252151
1850.000000 700.000000 25.425374
1900.000000 700.000000 30.261005
1950.000000 700.000000 34.545116
2000.000000 700.000000 38.063779
2050.000000 700.000000 40.603067
2100.000000 700.000000 42.191145
2150.000000 700.000000 44.184114
2200.000000 700.000000 46.731289
2250.000000 700.000000 49.695248
2300.000000 700.000000 52.456419
2350.000000 700.000000 54.653724
2400.000000 700.000000 56.128081
2450.000000 700.000000 56.719818
2500.000000 700.000000 56.436820
2550.000000 700.000000 55.371347
2600.000000 700.000000 53.713156
2650.000000 700.000000 51.870535
2700.000000 700.000000 49.918242
2750.000000 700.000000 47.851946
2800.000000 700.000000 44.935184
2850.000000 700.000000 40.977992
2900.000000 700.000000 36.070771
2950.000000 700.000000 30.303923
0.000000 750.000000 7.144440
50.000000 750.000000 10.271221
100.000000 750.000000 13.245716
150.000000 750.000000 16.038882
200.000000 750.000000 18.621676
250.000000 750.000000 20.965041
300.000000 750.000000 23.041684
350.000000 750.000000 24.827647
400.000000 750.000000 26.282218
450.000000 750.000000 27.360802
500.000000 750.000000 28.019015
550.000000 750.000000 28.212468
600.000000 750.000000 27.896775
650.000000 750.000000 27.027550
700.000000 750.000000 25.560405
750.000000 750.000000 23.450955
800.000000 750.000000 20.633769
850.000000 750.000000 17.224269
900.000000 750.000000 13.449342
950.000000 750.000000 9.535872
1000.000000 750.000000 5.710982
1050.000000 750.000000 2.178006
1100.000000 750.000000 -0.897088
1150.000000 750.000000 -3.329366
1200.000000 750.000000 -4.933231
1250.000000 750.000000 -5.523086
1300.000000 750.000000 -5.391203
1350.000000 750.000000 -5.619793
1400.000000 750.000000 -6.076017
1450.000000 750.000000 -6.093150
1500.000000 750.000000 -5.334393
1550.000000 750.000000 -3.423809
1600.000000 750.000000 -0.287801
1650.000000 750.000000 3.822880
1700.000000 750.000000 8.657482
1750.000000 750.000000 13.965256
1800.000000 750.000000 19.495076
1850.000000 750.000000 25.020339
1900.000000 750.000000 30.351617
1950.000000 750.000000 35.276058
2000.000000 750.000000 39.579734
2050.000000 750.000000 43.048716
2100.000000 750.000000 45.469076
2150.000000 750.000000 47.100161
2200.000000 750.000000 49.264811
2250.000000 750.000000 51.954227
2300.000000 750.000000 54.759690
2350.000000 750.000000 57.010823
2400.000000 750.000000 58.537772
2450.000000 750.000000 59.175999
2500.000000 750.000000 58.928524
2550.000000 750.000000 57.888844
2600.000000 750.000000 56.445552
2650.000000 750.000000 54.886368
2700.000000 750.000000 53.246103
2750.000000 750.000000 50.878660
2800.000000 750.000000 47.443808
2850.000000 750.000000 43.031950
2900.000000 750.000000 37.733488
2950.000000 750.000000 31.638822
0.000000 800.000000 5.565994
50.000000 800.000000 8.787565
100.000000 800.000000 11.824487
150.000000 800.000000 14.647060
200.000000 800.000000 17.228729
250.000000 800.000000 19.549736
300.000000 800.000000 21.590632
350.000000 800.000000 23.331964
400.000000 800.000000 24.751238
450.000000 800.000000 25.798552
500.000000 800.000000 26.426519
550.000000 800.000000 26.590752
600.000000 800.000000 26.246864
650.000000 800.000000 25.350469
700.000000 800.000000 23.857180
750.000000 800.000000 21.722610
800.000000 800.000000 18.878469
850.000000 800.000000 15.437314
900.000000 800.000000 11.626032
950.000000 800.000000 7.671510
1000.000000 800.000000 3.810693
1050.000000 800.000000 0.212396
1100.000000 800.000000 -3.007876
1150.000000 800.000000 -5.702038
1200.000000 800.000000 -7.681518
1250.000000 800.000000 -8.760718
1300.000000 800.000000 -8.756637
1350.000000 800.000000 -8.469729
1400.000000 800.000000 -8.537676
1450.000000 800.000000 -8.397880
1500.000000 800.000000 -7.494714
1550.000000 800.000000 -5.435327
1600.000000 800.000000 -2.129208
1650.000000 800.000000 2.172894
1700.000000 800.000000 7.220225
1750.000000 800.000000 12.761494
1800.000000 800.000000 18.531572
1850.000000 800.000000 24.348257
1900.000000 800.000000 30.064498
1950.000000 800.000000 35.520195
2000.000000 800.000000 40.500783
2050.000000 800.000000 44.791361
2100.000000 800.000000 48.177999
2150.000000 800.000000 50.446770
2200.000000 800.000000 52.169431
2250.000000 800.000000 54.484661
2300.000000 800.000000 57.207967
2350.000000 800.000000 59.512928
2400.000000 800.000000 61.092469
2450.000000 800.000000 61.777186
2500.000000 800.000000 61.565233
2550.000000 800.000000 60.620499
2600.000000 800.000000 59.471777
2650.000000 800.000000 58.246128
2700.000000 800.000000 56.450477
2750.000000 800.000000 53.560861
2800.000000 800.000000 49.667261
2850.000000 800.000000 44.860079
2900.000000 800.000000 39.229715
2950.000000 800.000000 32.866972
0.000000 850.000000 4.240762
50.000000 850.000000 7.506489
100.000000 850.000000 10.557816
150.000000 850.000000 13.375292
200.000000 850.000000 15.939465
250.000000 850.000000 18.230887
300.000000 850.000000 20.230105
350.000000 850.000000 21.917670
400.000000 850.000000 23.274131
450.000000 850.000000 24.278991
500.000000 850.000000 24.876712
550.000000 850.000000 25.011725
600.000000 850.000000 24.639643
650.000000 850.000000 23.716078
700.000000 850.000000 22.196644
750.000000 850.000000 20.036956
800.000000 850.000000 17.165858
850.000000 850.000000 13.693048
900.000000 850.000000 9.845412
950.000000 850.000000 5.864474
1000.000000 850.000000 1.983888
1050.000000 850.000000 -1.673022
1100.000000 850.000000 -4.991020
1150.000000 850.000000 -7.854868
1200.000000 850.000000 -10.130309
1250.000000 850.000000 -11.620471
1300.000000 850.000000 -12.138486
1350.000000 850.000000 -11.625627
1400.000000 850.000000 -11.209752
1450.000000 850.000000 -10.874318
1500.000000 850.000000 -9.828758
1550.000000 850.000000 -7.622582
1600.000000 850.000000 -4.148366
1650.000000 850.000000 0.343141
1700.000000 850.000000 5.601188
1750.000000 850.000000 11.340503
1800.000000 850.000000 17.333261
1850.000000 850.000000 23.432243
1900.000000 850.000000 29.490396
1950.000000 850.000000 35.360667
2000.000000 850.000000 40.895660
2050.000000 850.000000 45.899734
2100.000000 850.000000 50.144551
2150.000000 850.000000 53.416183
2200.000000 850.000000 55.503763
2250.000000 850.000000 57.366458
2300.000000 850.000000 59.810790
2350.000000 850.000000 62.169578
2400.000000 850.000000 63.801711
2450.000000 850.000000 64.532918
2500.000000 850.000000 64.356488
2550.000000 850.000000 63.638639
2600.000000 850.000000 62.834582
2650.000000 850.000000 61.613555
2700.000000 850.000000 59.292069
2750.000000 850.000000 55.939622
2800.000000 850.000000 51.646615
2850.000000 850.000000 46.505379
2900.000000 850.000000 40.602537
2950.000000 850.000000 34.004421
0.000000 900.000000 3.102936
50.000000 900.000000 6.381511
100.000000 900.000000 9.433595
150.000000 900.000000 12.239738
200.000000 900.000000 14.780487
250.000000 900.000000 17.036394
300.000000 900.000000 18.988006
350.000000 900.000000 20.615874
400.000000 900.000000 21.900546
450.000000 900.000000 22.822572
500.000000 900.000000 23.362502
550.000000 900.000000 23.468273
600.000000 900.000000 23.067995
650.000000 900.000000 22.117261
700.000000 900.000000 20.571683
750.000000 900.000000 18.386875
800.000000 900.000000 15.488822
850.000000 900.000000 11.984357
900.000000 900.000000 8.106069
950.000000 900.000000 4.141005
1000.000000 900.000000 0.245449
1050.000000 900.000000 -3.465363
1100.000000 900.000000 -6.876193
1150.000000 900.000000 -9.871805
1200.000000 900.000000 -12.336962
1250.000000 900.000000 -14.149979
1300.000000 900.000000 -15.114305
1350.000000 900.000000 -15.034615
1400.000000 900.000000 -14.161470
1450.000000 900.000000 -13.519468
1500.000000 900.000000 -12.333529
1550.000000 900.000000 -9.982580
1600.000000 900.000000 -6.342280
1650.000000 900.000000 -1.663382
1700.000000 900.000000 3.766293
1750.000000 900.000000 9.660770
1800.000000 900.000000 15.868140
1850.000000 900.000000 22.241352
1900.000000 900.000000 28.633351
1950.000000 900.000000 34.897084
2000.000000 900.000000 40.885498
2050.000000 900.000000 46.451539
2100.000000 900.000000 51.437465
2150.000000 900.000000 55.603859
2200.000000 900.000000 58.727821
2250.000000 900.000000 60.658235
2300.000000 900.000000 62.658748
2350.000000 900.000000 64.990314
2400.000000 900.000000 66.675039
2450.000000 900.000000 67.452736
2500.000000 900.000000 67.351124
2550.000000 900.000000 66.986011
2600.000000 900.000000 66.330812
2650.000000 900.000000 64.600351
2700.000000 900.000000 61.811952
2750.000000 900.000000 58.056858
2800.000000 900.000000 53.431886
2850.000000 900.000000 48.008851
2900.000000 900.000000 41.852765
2950.000000 900.000000 35.028639
0.000000 950.000000 2.147012
50.000000 950.000000 5.432507
100.000000 950.000000 8.479420
150.000000 950.000000 11.268299
200.000000 950.000000 13.779696
250.000000 950.000000 15.994158
300.000000 950.000000 17.892234
350.000000 950.000000 19.454476
400.000000 950.000000 20.661431
450.000000 950.000000 21.493649
500.000000 950.000000 21.931680
550.000000 950.000000 21.956072
600.000000 950.000000 21.524808
650.000000 950.000000 20.546904
700.000000 950.000000 18.975181
750.000000 950.000000 16.765254
800.000000 950.000000 13.840245
850.000000 950.000000 10.304125
900.000000 950.000000 6.452461
950.000000 950.000000 2.516071
1000.000000 950.000000 -1.389742
1050.000000 950.000000 -5.149743
1100.000000 950.000000 -8.648693
1150.000000 950.000000 -11.771356
1200.000000 950.000000 -14.402496
1250.000000 950.000000 -16.426876
1300.000000 950.000000 -17.729126
1350.000000 950.000000 -18.131096
1400.000000 950.000000 -17.417822
1450.000000 950.000000 -16.330338
1500.000000 950.000000 -15.006033
1550.000000 950.000000 -12.512325
1600.000000 950.000000 -8.707957
1650.000000 950.000000 -3.872960
1700.000000 950.000000 1.648882
1750.000000 950.000000 7.690289
1800.000000 950.000000 14.104207
1850.000000 950.000000 20.743582
1900.000000 950.000000 27.461360
1950.000000 950.000000 34.110489
2000.000000 950.000000 40.543915
2050.000000 950.000000 46.614585
2100.000000 950.000000 52.175444
2150.000000 950.000000 57.079441
2200.000000 950.000000 61.133837
2250.000000 950.000000 64.077469
2300.000000 950.000000 65.896574
2350.000000 950.000000 67.984675
2400.000000 950.000000 69.721992
2450.000000 950.000000 70.546179
2500.000000 950.000000 70.664585
2550.000000 950.000000 70.565167
2600.000000 950.000000 69.448626
2650.000000 950.000000 67.247168
2700.000000 950.000000 64.060535
2750.000000 950.000000 59.973039
2800.000000 950.000000 55.049704
2850.000000 950.000000 49.355541
2900.000000 950.000000 42.955561
2950.000000 950.000000 35.914776
