# Vertex id, X, Y, Z_meter
0 -0.05 0.01 36.52
1 50.14 -0.03 36.52
2 100.30 -0.07 36.52
3 150.43 -0.12 36.52
4 200.54 -0.16 36.52
5 250.62 -0.21 36.52
6 300.68 -0.25 36.52
7 350.72 -0.29 36.52
8 400.74 -0.33 36.52
9 450.75 -0.36 36.52
10 500.74 -0.39 36.52
11 550.73 -0.40 36.52
12 600.72 -0.41 36.52
13 650.71 -0.39 36.52
14 700.71 -0.36 36.52
15 750.73 -0.30 36.52
16 800.76 -0.23 36.52
17 850.83 -0.14 36.52
18 900.93 -0.04 36.52
19 951.07 0.03 36.52
20 1001.24 0.09 36.52
21 1051.44 0.14 36.52
22 1101.64 0.16 36.52
23 1151.85 0.18 36.52
24 1202.05 0.17 36.52
25 1252.24 0.16 36.52
26 1302.39 0.14 36.52
27 1352.51 0.12 36.52
28 1402.60 0.10 36.52
29 1452.65 0.08 36.52
30 1502.66 0.07 36.52
31 1552.66 0.06 36.52
32 1602.65 0.05 36.52
33 1652.65 0.06 36.52
34 1702.66 0.06 36.52
35 1752.68 0.07 36.52
36 1802.71 0.07 36.52
37 1852.75 0.08 36.52
38 1902.80 0.08 36.52
39 1952.86 0.08 36.52
40 2002.93 0.09 36.52
41 2053.00 0.09 36.52
42 2103.06 0.10 36.52
43 2153.12 0.11 36.52
44 2203.17 0.12 36.52
45 2253.22 0.14 36.52
46 2303.25 0.15 36.52
47 2353.27 0.17 36.52
48 2403.28 0.17 36.52
49 2453.29 0.17 36.52
50 2503.30 0.17 36.52
51 2553.32 0.16 36.52
52 2603.35 0.14 36.52
53 2653.40 0.12 36.52
54 2703.46 0.10 36.52
55 2753.55 0.08 36.52
56 2803.66 0.06 36.52
57 2853.79 0.04 36.52
58 2903.94 0.01 36.52
59 2954.12 -0.01 36.52
60 -0.09 50.02 36.52
61 50.09 49.98 36.52
62 100.25 49.93 36.52
63 150.38 49.89 36.52
64 200.49 49.85 36.52
65 250.57 49.81 36.52
66 300.63 49.77 36.52
67 350.68 49.73 36.52
68 400.70 49.70 36.52
69 450.72 49.68 36.52
70 500.72 49.66 36.52
71 550.72 49.66 36.52
72 600.72 49.67 36.52
73 650.73 49.69 36.52
74 700.75 49.74 36.52
75 750.78 49.80 36.52
76 800.83 49.87 36.52
77 850.89 49.93 36.52
78 900.99 49.99 36.52
79 951.12 50.05 36.52
80 1001.28 50.10 36.52
81 1051.46 50.13 36.52
82 1101.65 50.15 36.52
83 1151.85 50.16 36.52
84 1202.04 50.16 36.52
85 1252.22 50.15 36.52
86 1302.37 50.14 36.52
87 1352.49 50.12 36.52
88 1402.57 50.10 36.52
89 1452.63 50.08 36.52
90 1502.65 50.07 36.52
91 1552.65 50.06 36.52
92 1602.65 50.06 36.52
93 1652.66 50.06 36.52
94 1702.66 50.07 36.52
95 1752.68 50.07 36.52
96 1802.71 50.07 36.52
97 1852.75 50.08 36.52
98 1902.80 50.08 36.52
99 1952.87 50.09 36.52
100 2002.93 50.09 36.52
101 2053.00 50.10 36.52
102 2103.07 50.11 36.52
103 2153.14 50.12 36.52
104 2203.19 50.13 36.52
105 2253.23 50.15 36.52
106 2303.27 50.16 36.52
107 2353.28 50.18 36.52
108 2403.29 50.19 36.52
109 2453.29 50.19 36.52
110 2503.29 50.18 36.52
111 2553.31 50.17 36.52
112 2603.34 50.15 36.52
113 2653.38 50.14 36.52
114 2703.44 50.11 36.52
115 2753.53 50.09 36.52
116 2803.63 50.07 36.52
117 2853.77 50.04 36.52
118 2903.92 50.02 36.52
119 2954.10 49.99 36.52
120 -0.14 100.04 36.52
121 50.04 99.99 36.52
122 100.20 99.95 36.52
123 150.33 99.91 36.52
124 200.44 99.87 36.52
125 250.52 99.83 36.52
126 300.59 99.80 36.52
127 350.63 99.77 36.52
128 400.66 99.74 36.52
129 450.68 99.73 36.52
130 500.69 99.72 36.52
131 550.70 99.73 36.52
132 600.71 99.76 36.52
133 650.72 99.80 36.52
134 700.74 99.84 36.52
135 750.77 99.89 36.52
136 800.83 99.97 36.52
137 850.86 100.02 36.52
138 900.90 100.06 36.52
139 950.98 100.10 36.52
140 1001.08 100.13 36.52
141 1051.21 100.16 36.52
142 1101.36 100.17 36.52
143 1151.52 100.18 36.52
144 1201.67 100.17 36.52
145 1251.81 100.16 36.52
146 1301.93 100.14 36.52
147 1352.03 100.12 36.52
148 1402.10 100.10 36.52
149 1452.15 100.09 36.52
150 1502.16 100.07 36.52
151 1552.16 100.07 36.52
152 1602.16 100.07 36.52
153 1652.16 100.07 36.52
154 1702.16 100.07 36.52
155 1752.17 100.07 36.52
156 1802.19 100.08 36.52
157 1852.23 100.08 36.52
158 1902.28 100.09 36.52
159 1952.33 100.09 36.52
160 2002.40 100.09 36.52
161 2052.46 100.10 36.52
162 2102.53 100.11 36.52
163 2152.60 100.12 36.52
164 2202.65 100.14 36.52
165 2252.70 100.16 36.52
166 2302.74 100.18 36.52
167 2352.76 100.20 36.52
168 2402.77 100.21 36.52
169 2452.77 100.21 36.52
170 2502.78 100.20 36.52
171 2552.79 100.19 36.52
172 2602.82 100.17 36.52
173 2652.87 100.15 36.52
174 2702.94 100.12 36.52
175 2753.04 100.10 36.52
176 2803.15 100.07 36.52
177 2853.29 100.05 36.52
178 2903.46 100.02 36.52
179 2953.65 100.00 36.52
180 -0.19 150.06 36.52
181 49.98 150.00 36.52
182 100.13 149.95 36.52
183 150.26 149.92 36.52
184 200.37 149.88 36.52
185 250.46 149.85 36.52
186 300.52 149.83 36.52
187 350.57 149.81 36.52
188 400.60 149.79 36.52
189 450.62 149.79 36.52
190 500.64 149.80 36.52
191 550.66 149.83 36.52
192 600.67 149.86 36.52
193 650.68 149.89 36.52
194 700.70 149.92 36.52
195 750.73 149.98 36.52
196 800.80 150.06 36.52
197 850.86 150.15 36.52
198 900.88 150.18 36.52
199 950.90 150.19 36.52
200 1000.95 150.20 36.52
201 1051.03 150.21 36.52
202 1101.13 150.21 36.52
203 1151.24 150.21 36.52
204 1201.36 150.20 36.52
205 1251.47 150.18 36.52
206 1301.57 150.16 36.52
207 1351.64 150.14 36.52
208 1401.70 150.12 36.52
209 1451.72 150.10 36.52
210 1501.73 150.08 36.52
211 1551.72 150.08 36.52
212 1601.73 150.09 36.52
213 1651.73 150.09 36.52
214 1701.73 150.09 36.52
215 1751.73 150.09 36.52
216 1801.74 150.09 36.52
217 1851.77 150.09 36.52
218 1901.81 150.10 36.52
219 1951.86 150.10 36.52
220 2001.92 150.11 36.52
221 2051.99 150.11 36.52
222 2102.05 150.12 36.52
223 2152.12 150.14 36.52
224 2202.18 150.15 36.52
225 2252.23 150.17 36.52
226 2302.27 150.20 36.52
227 2352.30 150.22 36.52
228 2402.31 150.23 36.52
229 2452.31 150.23 36.52
230 2502.31 150.22 36.52
231 2552.33 150.21 36.52
232 2602.37 150.18 36.52
233 2652.42 150.16 36.52
234 2702.50 150.13 36.52
235 2752.59 150.11 36.52
236 2802.72 150.08 36.52
237 2852.87 150.05 36.52
238 2903.04 150.02 36.52
239 2953.24 149.99 36.52
240 -0.25 200.08 36.52
241 49.91 200.02 36.52
242 100.05 199.97 36.52
243 150.17 199.93 36.52
244 200.28 199.90 36.52
245 250.37 199.88 36.52
246 300.44 199.86 36.52
247 350.49 199.85 36.52
248 400.52 199.85 36.52
249 450.55 199.86 36.52
250 500.58 199.89 36.52
251 550.60 199.92 36.52
252 600.61 199.94 36.52
253 650.62 199.96 36.52
254 700.64 200.00 36.52
255 750.68 200.05 36.52
256 800.74 200.13 36.52
257 850.84 200.24 36.52
258 900.89 200.31 36.52
259 950.89 200.32 36.52
260 1000.89 200.31 36.52
261 1050.92 200.29 36.52
262 1100.97 200.28 36.52
263 1151.04 200.27 36.52
264 1201.12 200.25 36.52
265 1251.20 200.22 36.52
266 1301.27 200.20 36.52
267 1351.32 200.17 36.52
268 1401.36 200.14 36.52
269 1451.36 200.12 36.52
270 1501.35 200.09 36.52
271 1551.34 200.08 36.52
272 1601.35 200.09 36.52
273 1651.36 200.11 36.52
274 1701.37 200.12 36.52
275 1751.36 200.11 36.52
276 1801.36 200.11 36.52
277 1851.38 200.11 36.52
278 1901.42 200.11 36.52
279 1951.46 200.12 36.52
280 2001.52 200.12 36.52
281 2051.58 200.13 36.52
282 2101.65 200.14 36.52
283 2151.72 200.16 36.52
284 2201.78 200.18 36.52
285 2251.84 200.20 36.52
286 2301.88 200.22 36.52
287 2351.90 200.24 36.52
288 2401.91 200.25 36.52
289 2451.91 200.25 36.52
290 2501.92 200.25 36.52
291 2551.94 200.23 36.52
292 2601.97 200.20 36.52
293 2652.03 200.18 36.52
294 2702.11 200.14 36.52
295 2752.21 200.11 36.52
296 2802.34 200.08 36.52
297 2852.49 200.05 36.52
298 2902.67 200.02 36.52
299 2952.87 199.99 36.52
300 -0.31 250.11 36.52
301 49.84 250.04 36.52
302 99.97 249.99 36.52
303 150.08 249.94 36.52
304 200.18 249.91 36.52
305 250.27 249.90 36.52
306 300.34 249.89 36.52
307 350.39 249.89 36.52
308 400.43 249.91 36.52
309 450.47 249.94 36.52
310 500.50 249.96 36.52
311 550.52 249.98 36.52
312 600.53 250.00 36.52
313 650.54 250.03 36.52
314 700.56 250.06 36.52
315 750.60 250.12 36.52
316 800.68 250.19 36.52
317 850.78 250.30 36.52
318 900.88 250.41 36.52
319 950.91 250.47 36.52
320 1000.89 250.46 36.52
321 1050.86 250.42 36.52
322 1100.87 250.38 36.52
323 1150.90 250.35 36.52
324 1200.94 250.32 36.52
325 1250.98 250.29 36.52
326 1301.02 250.25 36.52
327 1351.06 250.22 36.52
328 1401.07 250.18 36.52
329 1451.06 250.15 36.52
330 1501.03 250.12 36.52
331 1551.01 250.10 36.52
332 1601.02 250.09 36.52
333 1651.05 250.11 36.52
334 1701.07 250.14 36.52
335 1751.08 250.15 36.52
336 1801.07 250.14 36.52
337 1851.07 250.14 36.52
338 1901.09 250.14 36.52
339 1951.13 250.14 36.52
340 2001.19 250.15 36.52
341 2051.25 250.16 36.52
342 2101.31 250.17 36.52
343 2151.38 250.18 36.52
344 2201.45 250.20 36.52
345 2251.51 250.23 36.52
346 2301.55 250.25 36.52
347 2351.57 250.26 36.52
348 2401.57 250.27 36.52
349 2451.57 250.28 36.52
350 2501.58 250.27 36.52
351 2551.60 250.25 36.52
352 2601.64 250.23 36.52
353 2651.70 250.19 36.52
354 2701.78 250.16 36.52
355 2751.89 250.12 36.52
356 2802.02 250.09 36.52
357 2852.17 250.05 36.52
358 2902.35 250.02 36.52
359 2952.56 249.98 36.52
360 -0.38 300.14 36.52
361 49.77 300.07 36.52
362 99.89 300.02 36.52
363 149.99 299.97 36.52
364 200.08 299.94 36.52
365 250.16 299.92 36.52
366 300.23 299.93 36.52
367 350.28 299.95 36.52
368 400.33 299.98 36.52
369 450.37 300.00 36.52
370 500.40 300.02 36.52
371 550.42 300.03 36.52
372 600.44 300.05 36.52
373 650.46 300.08 36.52
374 700.48 300.12 36.52
375 750.53 300.18 36.52
376 800.60 300.25 36.52
377 850.71 300.35 36.52
378 900.83 300.47 36.52
379 950.92 300.59 36.52
380 1000.94 300.63 36.52
381 1050.89 300.59 36.52
382 1100.84 300.52 36.52
383 1150.82 300.46 36.52
384 1200.82 300.42 36.52
385 1250.83 300.37 36.52
386 1300.85 300.32 36.52
387 1350.85 300.28 36.52
388 1400.84 300.23 36.52
389 1450.82 300.19 36.52
390 1500.78 300.15 36.52
391 1550.75 300.12 36.52
392 1600.75 300.10 36.52
393 1650.80 300.11 36.52
394 1700.83 300.15 36.52
395 1750.86 300.19 36.52
396 1800.87 300.20 36.52
397 1850.86 300.19 36.52
398 1900.86 300.18 36.52
399 1950.89 300.18 36.52
400 2000.94 300.18 36.52
401 2050.99 300.19 36.52
402 2101.06 300.20 36.52
403 2151.13 300.22 36.52
404 2201.20 300.24 36.52
405 2251.26 300.26 36.52
406 2301.30 300.28 36.52
407 2351.32 300.29 36.52
408 2401.32 300.30 36.52
409 2451.32 300.30 36.52
410 2501.32 300.29 36.52
411 2551.34 300.27 36.52
412 2601.38 300.25 36.52
413 2651.44 300.22 36.52
414 2701.53 300.18 36.52
415 2751.63 300.14 36.52
416 2801.76 300.10 36.52
417 2851.92 300.06 36.52
418 2902.10 300.02 36.52
419 2952.30 299.98 36.52
420 -0.44 350.17 36.52
421 49.69 350.10 36.52
422 99.80 350.05 36.52
423 149.90 350.00 36.52
424 199.97 349.97 36.52
425 250.04 349.96 36.52
426 300.11 349.97 36.52
427 350.17 350.00 36.52
428 400.22 350.02 36.52
429 450.26 350.04 36.52
430 500.30 350.06 36.52
431 550.32 350.07 36.52
432 600.34 350.09 36.52
433 650.36 350.12 36.52
434 700.39 350.17 36.52
435 750.44 350.22 36.52
436 800.52 350.30 36.52
437 850.63 350.39 36.52
438 900.77 350.51 36.52
439 950.88 350.65 36.52
440 1000.96 350.75 36.52
441 1050.96 350.77 36.52
442 1100.89 350.71 36.52
443 1150.81 350.61 36.52
444 1200.77 350.54 36.52
445 1250.75 350.48 36.52
446 1300.73 350.42 36.52
447 1350.71 350.36 36.52
448 1400.68 350.30 36.52
449 1450.63 350.25 36.52
450 1500.58 350.19 36.52
451 1550.54 350.15 36.52
452 1600.54 350.12 36.52
453 1650.59 350.11 36.52
454 1700.66 350.14 36.52
455 1750.71 350.20 36.52
456 1800.74 350.24 36.52
457 1850.75 350.26 36.52
458 1900.73 350.24 36.52
459 1950.74 350.22 36.52
460 2000.77 350.22 36.52
461 2050.82 350.23 36.52
462 2100.89 350.24 36.52
463 2150.96 350.26 36.52
464 2201.03 350.28 36.52
465 2251.08 350.30 36.52
466 2301.12 350.31 36.52
467 2351.14 350.33 36.52
468 2401.14 350.33 36.52
469 2451.14 350.33 36.52
470 2501.14 350.32 36.52
471 2551.15 350.30 36.52
472 2601.19 350.27 36.52
473 2651.25 350.24 36.52
474 2701.34 350.20 36.52
475 2751.45 350.16 36.52
476 2801.58 350.11 36.52
477 2851.73 350.07 36.52
478 2901.91 350.02 36.52
479 2952.11 349.98 36.52
480 -0.51 400.21 36.52
481 49.61 400.14 36.52
482 99.71 400.09 36.52
483 149.80 400.04 36.52
484 199.87 400.02 36.52
485 249.93 400.02 36.52
486 299.99 400.02 36.52
487 350.04 400.03 36.52
488 400.10 400.05 36.52
489 450.15 400.07 36.52
490 500.18 400.08 36.52
491 550.21 400.10 36.52
492 600.23 400.12 36.52
493 650.26 400.16 36.52
494 700.29 400.20 36.52
495 750.35 400.27 36.52
496 800.43 400.34 36.52
497 850.55 400.43 36.52
498 900.69 400.54 36.52
499 950.82 400.68 36.52
500 1000.93 400.82 36.52
501 1051.00 400.90 36.52
502 1100.98 400.90 36.52
503 1150.89 400.81 36.52
504 1200.79 400.70 36.52
505 1250.72 400.61 36.52
506 1300.67 400.53 36.52
507 1350.62 400.46 36.52
508 1400.57 400.39 36.52
509 1450.50 400.32 36.52
510 1500.43 400.25 36.52
511 1550.39 400.19 36.52
512 1600.38 400.15 36.52
513 1650.43 400.12 36.52
514 1700.52 400.13 36.52
515 1750.61 400.19 36.52
516 1800.67 400.26 36.52
517 1850.71 400.31 36.52
518 1900.71 400.32 36.52
519 1950.69 400.30 36.52
520 2000.70 400.28 36.52
521 2050.73 400.28 36.52
522 2100.79 400.29 36.52
523 2150.86 400.30 36.52
524 2200.93 400.32 36.52
525 2250.99 400.34 36.52
526 2301.03 400.36 36.52
527 2351.04 400.37 36.52
528 2401.04 400.37 36.52
529 2451.03 400.37 36.52
530 2501.03 400.35 36.52
531 2551.04 400.33 36.52
532 2601.08 400.30 36.52
533 2651.14 400.26 36.52
534 2701.23 400.22 36.52
535 2751.34 400.18 36.52
536 2801.47 400.13 36.52
537 2851.62 400.08 36.52
538 2901.79 400.03 36.52
539 2951.97 399.99 36.52
540 -0.57 450.25 36.52
541 49.53 450.18 36.52
542 99.62 450.13 36.52
543 149.69 450.10 36.52
544 199.76 450.08 36.52
545 249.82 450.07 36.52
546 299.87 450.06 36.52
547 349.93 450.06 36.52
548 399.97 450.06 36.52
549 450.02 450.08 36.52
550 500.06 450.09 36.52
551 550.09 450.12 36.52
552 600.12 450.14 36.52
553 650.15 450.18 36.52
554 700.19 450.23 36.52
555 750.24 450.30 36.52
556 800.33 450.38 36.52
557 850.46 450.47 36.52
558 900.61 450.57 36.52
559 950.75 450.70 36.52
560 1000.88 450.84 36.52
561 1050.99 450.98 36.52
562 1101.04 451.05 36.52
563 1151.00 451.03 36.52
564 1200.88 450.91 36.52
565 1250.76 450.78 36.52
566 1300.67 450.68 36.52
567 1350.59 450.58 36.52
568 1400.51 450.50 36.52
569 1450.42 450.41 36.52
570 1500.34 450.33 36.52
571 1550.28 450.25 36.52
572 1600.27 450.19 36.52
573 1650.32 450.14 36.52
574 1700.42 450.13 36.52
575 1750.54 450.16 36.52
576 1800.65 450.25 36.52
577 1850.73 450.34 36.52
578 1900.77 450.40 36.52
579 1950.77 450.40 36.52
580 2000.74 450.37 36.52
581 2050.75 450.34 36.52
582 2100.78 450.34 36.52
583 2150.85 450.35 36.52
584 2200.92 450.37 36.52
585 2250.98 450.39 36.52
586 2301.01 450.40 36.52
587 2351.03 450.41 36.52
588 2401.02 450.42 36.52
589 2451.01 450.41 36.52
590 2501.00 450.39 36.52
591 2551.01 450.36 36.52
592 2601.05 450.33 36.52
593 2651.11 450.29 36.52
594 2701.19 450.25 36.52
595 2751.30 450.20 36.52
596 2801.42 450.15 36.52
597 2851.57 450.10 36.52
598 2901.73 450.05 36.52
599 2951.91 450.00 36.52
600 -0.64 500.31 36.52
601 49.44 500.24 36.52
602 99.52 500.19 36.52
603 149.59 500.16 36.52
604 199.65 500.13 36.52
605 249.71 500.11 36.52
606 299.76 500.09 36.52
607 349.81 500.08 36.52
608 399.85 500.08 36.52
609 449.90 500.08 36.52
610 499.94 500.10 36.52
611 549.97 500.13 36.52
612 600.00 500.16 36.52
613 650.04 500.20 36.52
614 700.08 500.26 36.52
615 750.14 500.32 36.52
616 800.23 500.40 36.52
617 850.36 500.50 36.52
618 900.51 500.60 36.52
619 950.68 500.72 36.52
620 1000.82 500.85 36.52
621 1050.94 501.01 36.52
622 1101.04 501.13 36.52
623 1151.08 501.18 36.52
624 1201.02 501.14 36.52
625 1250.88 501.01 36.52
626 1300.73 500.86 36.52
627 1350.61 500.73 36.52
628 1400.51 500.63 36.52
629 1450.40 500.52 36.52
630 1500.30 500.42 36.52
631 1550.23 500.33 36.52
632 1600.21 500.25 36.52
633 1650.26 500.18 36.52
634 1700.37 500.14 36.52
635 1750.52 500.15 36.52
636 1800.66 500.21 36.52
637 1850.78 500.32 36.52
638 1900.88 500.43 36.52
639 1950.92 500.49 36.52
640 2000.91 500.48 36.52
641 2050.88 500.44 36.52
642 2100.89 500.42 36.52
643 2150.93 500.41 36.52
644 2200.99 500.43 36.52
645 2251.05 500.44 36.52
646 2301.08 500.46 36.52
647 2351.10 500.47 36.52
648 2401.09 500.47 36.52
649 2451.07 500.46 36.52
650 2501.06 500.44 36.52
651 2551.07 500.41 36.52
652 2601.10 500.37 36.52
653 2651.16 500.32 36.52
654 2701.24 500.28 36.52
655 2751.34 500.23 36.52
656 2801.46 500.18 36.52
657 2851.60 500.13 36.52
658 2901.75 500.08 36.52
659 2951.94 500.02 36.52
660 -0.71 550.38 36.52
661 49.36 550.31 36.52
662 99.42 550.26 36.52
663 149.49 550.21 36.52
664 199.55 550.17 36.52
665 249.61 550.14 36.52
666 299.65 550.12 36.52
667 349.70 550.10 36.52
668 399.74 550.09 36.52
669 449.78 550.09 36.52
670 499.81 550.10 36.52
671 549.85 550.13 36.52
672 599.88 550.17 36.52
673 649.92 550.21 36.52
674 699.96 550.27 36.52
675 750.03 550.34 36.52
676 800.13 550.42 36.52
677 850.26 550.52 36.52
678 900.42 550.62 36.52
679 950.59 550.73 36.52
680 1000.74 550.86 36.52
681 1050.88 551.01 36.52
682 1101.00 551.16 36.52
683 1151.09 551.27 36.52
684 1201.11 551.31 36.52
685 1251.03 551.24 36.52
686 1300.87 551.09 36.52
687 1350.70 550.92 36.52
688 1400.56 550.78 36.52
689 1450.43 550.66 36.52
690 1500.31 550.54 36.52
691 1550.23 550.43 36.52
692 1600.20 550.32 36.52
693 1650.25 550.23 36.52
694 1700.36 550.17 36.52
695 1750.52 550.15 36.52
696 1800.70 550.18 36.52
697 1850.86 550.27 36.52
698 1901.01 550.41 36.52
699 1951.12 550.54 36.52
700 2001.16 550.59 36.52
701 2051.14 550.58 36.52
702 2101.11 550.53 36.52
703 2151.11 550.50 36.52
704 2201.15 550.49 36.52
705 2251.20 550.51 36.52
706 2301.24 550.52 36.52
707 2351.25 550.53 36.52
708 2401.24 550.53 36.52
709 2451.22 550.52 36.52
710 2501.20 550.49 36.52
711 2551.20 550.45 36.52
712 2601.23 550.41 36.52
713 2651.28 550.36 36.52
714 2701.36 550.31 36.52
715 2751.46 550.26 36.52
716 2801.57 550.22 36.52
717 2851.70 550.17 36.52
718 2901.85 550.11 36.52
719 2952.07 550.05 36.52
720 -0.78 600.46 36.52
721 49.28 600.38 36.52
722 99.34 600.32 36.52
723 149.40 600.26 36.52
724 199.46 600.21 36.52
725 249.51 600.17 36.52
726 299.56 600.14 36.52
727 349.60 600.12 36.52
728 399.63 600.11 36.52
729 449.66 600.10 36.52
730 499.69 600.11 36.52
731 549.72 600.13 36.52
732 599.76 600.17 36.52
733 649.80 600.22 36.52
734 699.85 600.28 36.52
735 749.92 600.35 36.52
736 800.02 600.43 36.52
737 850.16 600.53 36.52
738 900.32 600.63 36.52
739 950.50 600.74 36.52
740 1000.66 600.87 36.52
741 1050.81 601.01 36.52
742 1100.94 601.16 36.52
743 1151.06 601.31 36.52
744 1201.14 601.40 36.52
745 1251.14 601.42 36.52
746 1301.04 601.33 36.52
747 1350.86 601.16 36.52
748 1400.67 600.98 36.52
749 1450.50 600.82 36.52
750 1500.37 600.68 36.52
751 1550.27 600.54 36.52
752 1600.24 600.42 36.52
753 1650.28 600.31 36.52
754 1700.40 600.22 36.52
755 1750.57 600.16 36.52
756 1800.77 600.16 36.52
757 1850.98 600.23 36.52
758 1901.17 600.35 36.52
759 1951.34 600.52 36.52
760 2001.45 600.65 36.52
761 2051.49 600.71 36.52
762 2101.46 600.68 36.52
763 2151.42 600.62 36.52
764 2201.43 600.59 36.52
765 2251.46 600.58 36.52
766 2301.49 600.59 36.52
767 2351.50 600.60 36.52
768 2401.49 600.60 36.52
769 2451.46 600.58 36.52
770 2501.44 600.55 36.52
771 2551.44 600.51 36.52
772 2601.46 600.46 36.52
773 2651.51 600.41 36.52
774 2701.57 600.36 36.52
775 2751.66 600.31 36.52
776 2801.76 600.26 36.52
777 2851.89 600.21 36.52
778 2902.07 600.15 36.52
779 2952.32 600.07 36.52
780 -0.85 650.52 36.52
781 49.23 650.46 36.52
782 99.28 650.37 36.52
783 149.33 650.31 36.52
784 199.38 650.25 36.52
785 249.43 650.20 36.52
786 299.47 650.17 36.52
787 349.51 650.14 36.52
788 399.54 650.12 36.52
789 449.56 650.11 36.52
790 499.58 650.12 36.52
791 549.61 650.13 36.52
792 599.63 650.17 36.52
793 649.68 650.22 36.52
794 699.73 650.28 36.52
795 749.81 650.35 36.52
796 799.92 650.44 36.52
797 850.06 650.54 36.52
798 900.23 650.64 36.52
799 950.41 650.75 36.52
800 1000.58 650.87 36.52
801 1050.74 651.00 36.52
802 1100.87 651.15 36.52
803 1151.00 651.30 36.52
804 1201.12 651.44 36.52
805 1251.19 651.52 36.52
806 1301.17 651.51 36.52
807 1351.05 651.41 36.52
808 1400.86 651.23 36.52
809 1450.65 651.02 36.52
810 1500.48 650.85 36.52
811 1550.36 650.68 36.52
812 1600.32 650.53 36.52
813 1650.36 650.39 36.52
814 1700.48 650.28 36.52
815 1750.66 650.20 36.52
816 1800.89 650.16 36.52
817 1851.12 650.19 36.52
818 1901.35 650.28 36.52
819 1951.56 650.44 36.52
820 2001.75 650.64 36.52
821 2051.87 650.78 36.52
822 2101.91 650.83 36.52
823 2151.87 650.79 36.52
824 2201.83 650.72 36.52
825 2251.82 650.69 36.52
826 2301.83 650.68 36.52
827 2351.83 650.68 36.52
828 2401.82 650.67 36.52
829 2451.79 650.66 36.52
830 2501.77 650.62 36.52
831 2551.76 650.58 36.52
832 2601.78 650.52 36.52
833 2651.81 650.47 36.52
834 2701.87 650.42 36.52
835 2751.95 650.37 36.52
836 2802.04 650.32 36.52
837 2852.18 650.26 36.52
838 2902.40 650.18 36.52
839 2952.69 650.09 36.52
840 -0.91 700.57 36.52
841 49.17 700.50 36.52
842 99.24 700.44 36.52
843 149.28 700.36 36.52
844 199.33 700.29 36.52
845 249.36 700.24 36.52
846 299.40 700.20 36.52
847 349.43 700.16 36.52
848 399.45 700.14 36.52
849 449.47 700.13 36.52
850 499.49 700.13 36.52
851 549.50 700.14 36.52
852 599.53 700.17 36.52
853 649.57 700.21 36.52
854 699.62 700.28 36.52
855 749.70 700.35 36.52
856 799.82 700.44 36.52
857 849.97 700.54 36.52
858 900.14 700.65 36.52
859 950.33 700.76 36.52
860 1000.50 700.87 36.52
861 1050.67 700.99 36.52
862 1100.81 701.13 36.52
863 1150.94 701.28 36.52
864 1201.07 701.44 36.52
865 1251.19 701.56 36.52
866 1301.25 701.63 36.52
867 1351.21 701.60 36.52
868 1401.07 701.48 36.52
869 1450.86 701.27 36.52
870 1500.65 701.05 36.52
871 1550.51 700.85 36.52
872 1600.46 700.67 36.52
873 1650.50 700.50 36.52
874 1700.62 700.36 36.52
875 1750.80 700.25 36.52
876 1801.04 700.18 36.52
877 1851.30 700.17 36.52
878 1901.56 700.23 36.52
879 1951.82 700.36 36.52
880 2002.06 700.55 36.52
881 2052.27 700.78 36.52
882 2102.39 700.92 36.52
883 2152.41 700.95 36.52
884 2202.37 700.90 36.52
885 2252.32 700.83 36.52
886 2302.30 700.79 36.52
887 2352.28 700.77 36.52
888 2402.25 700.76 36.52
889 2452.22 700.74 36.52
890 2502.19 700.70 36.52
891 2552.18 700.65 36.52
892 2602.19 700.60 36.52
893 2652.22 700.54 36.52
894 2702.26 700.49 36.52
895 2752.33 700.45 36.52
896 2802.43 700.38 36.52
897 2852.60 700.30 36.52
898 2902.84 700.21 36.52
899 2953.16 700.12 36.52
900 -0.97 750.60 36.52
901 49.13 750.54 36.52
902 99.20 750.48 36.52
903 149.26 750.42 36.52
904 199.29 750.34 36.52
905 249.32 750.28 36.52
906 299.34 750.23 36.52
907 349.36 750.19 36.52
908 399.38 750.16 36.52
909 449.39 750.15 36.52
910 499.40 750.14 36.52
911 549.42 750.15 36.52
912 599.43 750.17 36.52
913 649.47 750.21 36.52
914 699.52 750.27 36.52
915 749.60 750.35 36.52
916 799.72 750.44 36.52
917 849.87 750.54 36.52
918 900.05 750.65 36.52
919 950.24 750.76 36.52
920 1000.43 750.87 36.52
921 1050.59 750.99 36.52
922 1100.74 751.11 36.52
923 1150.88 751.26 36.52
924 1201.01 751.41 36.52
925 1251.14 751.56 36.52
926 1301.26 751.67 36.52
927 1351.30 751.72 36.52
928 1401.24 751.67 36.52
929 1451.10 751.53 36.52
930 1500.89 751.31 36.52
931 1550.71 751.06 36.52
932 1600.64 750.84 36.52
933 1650.67 750.64 36.52
934 1700.79 750.47 36.52
935 1750.99 750.33 36.52
936 1801.23 750.23 36.52
937 1851.50 750.17 36.52
938 1901.79 750.19 36.52
939 1952.09 750.28 36.52
940 2002.38 750.44 36.52
941 2052.65 750.68 36.52
942 2102.87 750.93 36.52
943 2152.99 751.06 36.52
944 2203.00 751.08 36.52
945 2252.95 751.02 36.52
946 2302.89 750.95 36.52
947 2352.83 750.90 36.52
948 2402.79 750.87 36.52
949 2452.74 750.84 36.52
950 2502.71 750.79 36.52
951 2552.69 750.74 36.52
952 2602.69 750.68 36.52
953 2652.71 750.63 36.52
954 2702.75 750.58 36.52
955 2752.81 750.52 36.52
956 2802.93 750.44 36.52
957 2853.12 750.34 36.52
958 2903.39 750.24 36.52
959 2953.74 750.15 36.52
960 -1.02 800.62 36.52
961 49.08 800.57 36.52
962 99.17 800.52 36.52
963 149.23 800.46 36.52
964 199.27 800.40 36.52
965 249.28 800.33 36.52
966 299.30 800.27 36.52
967 349.31 800.22 36.52
968 399.32 800.19 36.52
969 449.32 800.17 36.52
970 499.33 800.16 36.52
971 549.34 800.17 36.52
972 599.35 800.19 36.52
973 649.38 800.22 36.52
974 699.43 800.27 36.52
975 749.50 800.34 36.52
976 799.62 800.43 36.52
977 849.78 800.53 36.52
978 899.97 800.64 36.52
979 950.16 800.75 36.52
980 1000.35 800.87 36.52
981 1050.53 800.98 36.52
982 1100.68 801.10 36.52
983 1150.82 801.23 36.52
984 1200.94 801.37 36.52
985 1251.08 801.53 36.52
986 1301.22 801.67 36.52
987 1351.32 801.77 36.52
988 1401.35 801.79 36.52
989 1451.28 801.73 36.52
990 1501.15 801.57 36.52
991 1550.98 801.32 36.52
992 1600.87 801.04 36.52
993 1650.88 800.80 36.52
994 1701.00 800.60 36.52
995 1751.20 800.43 36.52
996 1801.46 800.29 36.52
997 1851.74 800.20 36.52
998 1902.05 800.17 36.52
999 1952.38 800.21 36.52
1000 2002.71 800.34 36.52
1001 2053.02 800.55 36.52
1002 2103.32 800.82 36.52
1003 2153.56 801.08 36.52
1004 2203.67 801.22 36.52
1005 2253.67 801.22 36.52
1006 2303.61 801.15 36.52
1007 2353.51 801.06 36.52
1008 2403.43 801.00 36.52
1009 2453.36 800.95 36.52
1010 2503.32 800.90 36.52
1011 2553.30 800.84 36.52
1012 2603.29 800.79 36.52
1013 2653.30 800.74 36.52
1014 2703.33 800.68 36.52
1015 2753.41 800.60 36.52
1016 2803.54 800.49 36.52
1017 2853.75 800.39 36.52
1018 2904.05 800.28 36.52
1019 2954.43 800.18 36.52
1020 -1.06 850.63 36.52
1021 49.05 850.59 36.52
1022 99.13 850.54 36.52
1023 149.20 850.50 36.52
1024 199.24 850.44 36.52
1025 249.27 850.39 36.52
1026 299.27 850.32 36.52
1027 349.27 850.26 36.52
1028 399.26 850.22 36.52
1029 449.27 850.20 36.52
1030 499.26 850.18 36.52
1031 549.27 850.19 36.52
1032 599.28 850.20 36.52
1033 649.30 850.23 36.52
1034 699.34 850.27 36.52
1035 749.41 850.33 36.52
1036 799.53 850.41 36.52
1037 849.69 850.52 36.52
1038 899.88 850.63 36.52
1039 950.08 850.75 36.52
1040 1000.28 850.86 36.52
1041 1050.45 850.97 36.52
1042 1100.61 851.09 36.52
1043 1150.75 851.20 36.52
1044 1200.88 851.34 36.52
1045 1251.00 851.48 36.52
1046 1301.14 851.64 36.52
1047 1351.29 851.76 36.52
1048 1401.38 851.85 36.52
1049 1451.40 851.85 36.52
1050 1501.34 851.77 36.52
1051 1551.25 851.58 36.52
1052 1601.16 851.30 36.52
1053 1651.14 851.00 36.52
1054 1701.25 850.75 36.52
1055 1751.45 850.54 36.52
1056 1801.71 850.38 36.52
1057 1852.02 850.25 36.52
1058 1902.34 850.18 36.52
1059 1952.69 850.17 36.52
1060 2003.05 850.25 36.52
1061 2053.40 850.41 36.52
1062 2103.75 850.66 36.52
1063 2154.07 850.97 36.52
1064 2204.31 851.24 36.52
1065 2254.42 851.37 36.52
1066 2304.41 851.36 36.52
1067 2354.32 851.28 36.52
1068 2404.20 851.18 36.52
1069 2454.09 851.09 36.52
1070 2504.02 851.02 36.52
1071 2553.99 850.96 36.52
1072 2603.97 850.91 36.52
1073 2653.97 850.86 36.52
1074 2704.01 850.77 36.52
1075 2754.10 850.67 36.52
1076 2804.25 850.56 36.52
1077 2854.48 850.44 36.52
1078 2904.80 850.33 36.52
1079 2955.20 850.22 36.52
1080 -1.10 900.64 36.52
1081 49.01 900.60 36.52
1082 99.10 900.57 36.52
1083 149.17 900.52 36.52
1084 199.22 900.48 36.52
1085 249.24 900.43 36.52
1086 299.25 900.37 36.52
1087 349.24 900.31 36.52
1088 399.22 900.26 36.52
1089 449.21 900.23 36.52
1090 499.20 900.21 36.52
1091 549.20 900.21 36.52
1092 599.21 900.22 36.52
1093 649.22 900.24 36.52
1094 699.26 900.28 36.52
1095 749.33 900.33 36.52
1096 799.44 900.41 36.52
1097 849.60 900.50 36.52
1098 899.79 900.62 36.52
1099 949.99 900.73 36.52
1100 1000.19 900.84 36.52
1101 1050.38 900.96 36.52
1102 1100.54 901.07 36.52
1103 1150.68 901.19 36.52
1104 1200.81 901.31 36.52
1105 1250.93 901.44 36.52
1106 1301.05 901.58 36.52
1107 1351.20 901.73 36.52
1108 1401.35 901.85 36.52
1109 1451.44 901.92 36.52
1110 1501.46 901.89 36.52
1111 1551.45 901.77 36.52
1112 1601.44 901.55 36.52
1113 1651.45 901.26 36.52
1114 1701.54 900.95 36.52
1115 1751.72 900.69 36.52
1116 1801.99 900.49 36.52
1117 1852.31 900.33 36.52
1118 1902.66 900.22 36.52
1119 1953.03 900.17 36.52
1120 2003.41 900.19 36.52
1121 2053.79 900.30 36.52
1122 2104.18 900.50 36.52
1123 2154.56 900.79 36.52
1124 2204.90 901.14 36.52
1125 2255.14 901.41 36.52
1126 2305.24 901.53 36.52
1127 2355.21 901.51 36.52
1128 2405.09 901.41 36.52
1129 2454.95 901.29 36.52
1130 2504.84 901.18 36.52
1131 2554.78 901.10 36.52
1132 2604.75 901.05 36.52
1133 2654.75 900.97 36.52
1134 2704.79 900.86 36.52
1135 2754.89 900.75 36.52
1136 2805.06 900.62 36.52
1137 2855.31 900.50 36.52
1138 2905.65 900.38 36.52
1139 2956.07 900.27 36.52
1140 -1.13 950.64 36.52
1141 48.98 950.62 36.52
1142 99.07 950.58 36.52
1143 149.14 950.55 36.52
1144 199.19 950.50 36.52
1145 249.22 950.47 36.52
1146 299.23 950.42 36.52
1147 349.22 950.37 36.52
1148 399.19 950.31 36.52
1149 449.17 950.27 36.52
1150 499.15 950.24 36.52
1151 549.14 950.23 36.52
1152 599.14 950.24 36.52
1153 649.15 950.26 36.52
1154 699.19 950.29 36.52
1155 749.25 950.34 36.52
1156 799.36 950.41 36.52
1157 849.51 950.50 36.52
1158 899.70 950.60 36.52
1159 949.90 950.71 36.52
1160 1000.10 950.82 36.52
1161 1050.29 950.94 36.52
1162 1100.47 951.05 36.52
1163 1150.62 951.17 36.52
1164 1200.75 951.28 36.52
1165 1250.86 951.40 36.52
1166 1300.97 951.53 36.52
1167 1351.10 951.67 36.52
1168 1401.26 951.81 36.52
1169 1451.42 951.92 36.52
1170 1501.51 951.96 36.52
1171 1551.58 951.90 36.52
1172 1601.66 951.75 36.52
1173 1651.76 951.51 36.52
1174 1701.86 951.20 36.52
1175 1752.03 950.88 36.52
1176 1802.29 950.62 36.52
1177 1852.63 950.43 36.52
1178 1903.01 950.28 36.52
1179 1953.41 950.19 36.52
1180 2003.82 950.16 36.52
1181 2054.22 950.21 36.52
1182 2104.64 950.35 36.52
1183 2155.05 950.60 36.52
1184 2205.45 950.94 36.52
1185 2255.81 951.31 36.52
1186 2306.05 951.58 36.52
1187 2356.14 951.69 36.52
1188 2406.08 951.65 36.52
1189 2455.94 951.53 36.52
1190 2505.79 951.39 36.52
1191 2555.69 951.29 36.52
1192 2605.64 951.19 36.52
1193 2655.63 951.08 36.52
1194 2705.68 950.96 36.52
1195 2755.80 950.83 36.52
1196 2805.98 950.70 36.52
1197 2856.25 950.56 36.52
1198 2906.60 950.44 36.52
1199 2957.04 950.32 36.52
