# Vertex id, X, Y, Z_meter
0 -0.03 0.01 -20.79
1 50.09 -0.02 -20.79
2 100.19 -0.05 -20.79
3 150.28 -0.07 -20.79
4 200.34 -0.10 -20.79
5 250.40 -0.13 -20.79
6 300.44 -0.16 -20.79
7 350.46 -0.19 -20.79
8 400.47 -0.21 -20.79
9 450.48 -0.23 -20.79
10 500.48 -0.25 -20.79
11 550.47 -0.26 -20.79
12 600.46 -0.26 -20.79
13 650.45 -0.25 -20.79
14 700.45 -0.23 -20.79
15 750.47 -0.19 -20.79
16 800.49 -0.15 -20.79
17 850.53 -0.09 -20.79
18 900.60 -0.03 -20.79
19 950.69 0.02 -20.79
20 1000.80 0.06 -20.79
21 1050.92 0.09 -20.79
22 1101.05 0.11 -20.79
23 1151.19 0.11 -20.79
24 1201.31 0.11 -20.79
25 1251.43 0.10 -20.79
26 1301.53 0.09 -20.79
27 1351.61 0.08 -20.79
28 1401.66 0.06 -20.79
29 1451.69 0.05 -20.79
30 1501.71 0.04 -20.79
31 1551.70 0.04 -20.79
32 1601.70 0.03 -20.79
33 1651.70 0.04 -20.79
34 1701.70 0.04 -20.79
35 1751.71 0.04 -20.79
36 1801.73 0.05 -20.79
37 1851.76 0.05 -20.79
38 1901.79 0.05 -20.79
39 1951.83 0.05 -20.79
40 2001.88 0.06 -20.79
41 2051.92 0.06 -20.79
42 2101.96 0.06 -20.79
43 2152.00 0.07 -20.79
44 2202.03 0.08 -20.79
45 2252.06 0.09 -20.79
46 2302.08 0.10 -20.79
47 2352.09 0.11 -20.79
48 2402.10 0.11 -20.79
49 2452.11 0.11 -20.79
50 2502.11 0.11 -20.79
51 2552.13 0.10 -20.79
52 2602.15 0.09 -20.79
53 2652.17 0.08 -20.79
54 2702.22 0.07 -20.79
55 2752.27 0.05 -20.79
56 2802.34 0.04 -20.79
57 2852.43 0.02 -20.79
58 2902.53 0.01 -20.79
59 2952.64 -0.01 -20.79
60 -0.06 50.01 -20.79
61 50.06 49.99 -20.79
62 100.16 49.96 -20.79
63 150.24 49.93 -20.79
64 200.31 49.90 -20.79
65 250.37 49.88 -20.79
66 300.41 49.85 -20.79
67 350.43 49.83 -20.79
68 400.45 49.81 -20.79
69 450.46 49.79 -20.79
70 500.46 49.78 -20.79
71 550.46 49.78 -20.79
72 600.46 49.79 -20.79
73 650.47 49.80 -20.79
74 700.48 49.84 -20.79
75 750.50 49.87 -20.79
76 800.53 49.91 -20.79
77 850.57 49.95 -20.79
78 900.63 50.00 -20.79
79 950.72 50.03 -20.79
80 1000.82 50.06 -20.79
81 1050.93 50.09 -20.79
82 1101.06 50.10 -20.79
83 1151.18 50.11 -20.79
84 1201.31 50.10 -20.79
85 1251.42 50.10 -20.79
86 1301.52 50.09 -20.79
87 1351.59 50.07 -20.79
88 1401.65 50.06 -20.79
89 1451.68 50.05 -20.79
90 1501.70 50.04 -20.79
91 1551.70 50.04 -20.79
92 1601.70 50.04 -20.79
93 1651.70 50.04 -20.79
94 1701.70 50.04 -20.79
95 1751.72 50.04 -20.79
96 1801.73 50.05 -20.79
97 1851.76 50.05 -20.79
98 1901.80 50.05 -20.79
99 1951.84 50.05 -20.79
100 2001.88 50.06 -20.79
101 2051.92 50.06 -20.79
102 2101.97 50.07 -20.79
103 2152.01 50.07 -20.79
104 2202.04 50.08 -20.79
105 2252.07 50.09 -20.79
106 2302.09 50.11 -20.79
107 2352.10 50.12 -20.79
108 2402.11 50.12 -20.79
109 2452.11 50.12 -20.79
110 2502.11 50.12 -20.79
111 2552.12 50.11 -20.79
112 2602.14 50.10 -20.79
113 2652.16 50.09 -20.79
114 2702.20 50.07 -20.79
115 2752.26 50.06 -20.79
116 2802.33 50.04 -20.79
117 2852.41 50.03 -20.79
118 2902.51 50.01 -20.79
119 2952.62 50.00 -20.79
120 -0.09 100.02 -20.79
121 50.02 99.99 -20.79
122 100.13 99.97 -20.79
123 150.21 99.94 -20.79
124 200.28 99.92 -20.79
125 250.34 99.89 -20.79
126 300.38 99.87 -20.79
127 350.41 99.85 -20.79
128 400.42 99.84 -20.79
129 450.44 99.83 -20.79
130 500.44 99.82 -20.79
131 550.45 99.83 -20.79
132 600.45 99.85 -20.79
133 650.46 99.87 -20.79
134 700.47 99.90 -20.79
135 750.49 99.93 -20.79
136 800.53 99.98 -20.79
137 850.55 100.02 -20.79
138 900.58 100.04 -20.79
139 950.63 100.06 -20.79
140 1000.69 100.08 -20.79
141 1050.78 100.10 -20.79
142 1100.87 100.11 -20.79
143 1150.97 100.11 -20.79
144 1201.07 100.11 -20.79
145 1251.16 100.10 -20.79
146 1301.24 100.09 -20.79
147 1351.30 100.08 -20.79
148 1401.35 100.07 -20.79
149 1451.37 100.06 -20.79
150 1501.38 100.05 -20.79
151 1551.38 100.05 -20.79
152 1601.38 100.05 -20.79
153 1651.38 100.05 -20.79
154 1701.38 100.05 -20.79
155 1751.39 100.05 -20.79
156 1801.40 100.05 -20.79
157 1851.43 100.05 -20.79
158 1901.46 100.05 -20.79
159 1951.49 100.06 -20.79
160 2001.53 100.06 -20.79
161 2051.58 100.06 -20.79
162 2101.62 100.07 -20.79
163 2151.66 100.08 -20.79
164 2201.70 100.09 -20.79
165 2251.73 100.10 -20.79
166 2301.75 100.11 -20.79
167 2351.77 100.13 -20.79
168 2401.77 100.14 -20.79
169 2451.77 100.14 -20.79
170 2501.78 100.13 -20.79
171 2551.79 100.12 -20.79
172 2601.81 100.11 -20.79
173 2651.84 100.09 -20.79
174 2701.88 100.08 -20.79
175 2751.94 100.06 -20.79
176 2802.02 100.05 -20.79
177 2852.11 100.03 -20.79
178 2902.21 100.01 -20.79
179 2952.33 100.00 -20.79
180 -0.12 150.04 -20.79
181 49.99 150.00 -20.79
182 100.08 149.97 -20.79
183 150.17 149.95 -20.79
184 200.24 149.93 -20.79
185 250.29 149.91 -20.79
186 300.33 149.89 -20.79
187 350.36 149.88 -20.79
188 400.38 149.87 -20.79
189 450.40 149.87 -20.79
190 500.41 149.87 -20.79
191 550.42 149.89 -20.79
192 600.43 149.91 -20.79
193 650.44 149.93 -20.79
194 700.45 149.95 -20.79
195 750.47 149.99 -20.79
196 800.51 150.04 -20.79
197 850.55 150.09 -20.79
198 900.56 150.11 -20.79
199 950.58 150.12 -20.79
200 1000.61 150.13 -20.79
201 1050.66 150.13 -20.79
202 1100.73 150.14 -20.79
203 1150.80 150.13 -20.79
204 1200.87 150.13 -20.79
205 1250.94 150.12 -20.79
206 1301.00 150.10 -20.79
207 1351.05 150.09 -20.79
208 1401.09 150.08 -20.79
209 1451.10 150.06 -20.79
210 1501.10 150.05 -20.79
211 1551.10 150.05 -20.79
212 1601.10 150.05 -20.79
213 1651.11 150.06 -20.79
214 1701.10 150.06 -20.79
215 1751.11 150.06 -20.79
216 1801.12 150.06 -20.79
217 1851.13 150.06 -20.79
218 1901.16 150.06 -20.79
219 1951.19 150.06 -20.79
220 2001.23 150.07 -20.79
221 2051.27 150.07 -20.79
222 2101.31 150.08 -20.79
223 2151.36 150.09 -20.79
224 2201.39 150.10 -20.79
225 2251.43 150.11 -20.79
226 2301.45 150.13 -20.79
227 2351.47 150.14 -20.79
228 2401.47 150.15 -20.79
229 2451.48 150.15 -20.79
230 2501.48 150.14 -20.79
231 2551.49 150.13 -20.79
232 2601.51 150.12 -20.79
233 2651.55 150.10 -20.79
234 2701.60 150.09 -20.79
235 2751.66 150.07 -20.79
236 2801.74 150.05 -20.79
237 2851.83 150.03 -20.79
238 2901.94 150.01 -20.79
239 2952.07 150.00 -20.79
240 -0.16 200.05 -20.79
241 49.94 200.01 -20.79
242 100.03 199.98 -20.79
243 150.11 199.95 -20.79
244 200.18 199.94 -20.79
245 250.24 199.92 -20.79
246 300.28 199.91 -20.79
247 350.31 199.90 -20.79
248 400.34 199.90 -20.79
249 450.35 199.91 -20.79
250 500.37 199.93 -20.79
251 550.38 199.95 -20.79
252 600.39 199.96 -20.79
253 650.40 199.98 -20.79
254 700.41 200.00 -20.79
255 750.43 200.03 -20.79
256 800.48 200.08 -20.79
257 850.54 200.15 -20.79
258 900.57 200.20 -20.79
259 950.57 200.21 -20.79
260 1000.57 200.20 -20.79
261 1050.59 200.19 -20.79
262 1100.62 200.18 -20.79
263 1150.67 200.17 -20.79
264 1200.72 200.16 -20.79
265 1250.77 200.14 -20.79
266 1300.81 200.13 -20.79
267 1350.85 200.11 -20.79
268 1400.87 200.09 -20.79
269 1450.87 200.07 -20.79
270 1500.87 200.06 -20.79
271 1550.86 200.05 -20.79
272 1600.86 200.06 -20.79
273 1650.87 200.07 -20.79
274 1700.88 200.07 -20.79
275 1750.87 200.07 -20.79
276 1800.87 200.07 -20.79
277 1850.89 200.07 -20.79
278 1900.91 200.07 -20.79
279 1950.94 200.08 -20.79
280 2000.97 200.08 -20.79
281 2051.01 200.09 -20.79
282 2101.06 200.09 -20.79
283 2151.10 200.10 -20.79
284 2201.14 200.11 -20.79
285 2251.18 200.13 -20.79
286 2301.20 200.14 -20.79
287 2351.22 200.15 -20.79
288 2401.22 200.16 -20.79
289 2451.22 200.16 -20.79
290 2501.23 200.16 -20.79
291 2551.24 200.15 -20.79
292 2601.26 200.13 -20.79
293 2651.30 200.11 -20.79
294 2701.35 200.09 -20.79
295 2751.42 200.07 -20.79
296 2801.50 200.05 -20.79
297 2851.60 200.03 -20.79
298 2901.71 200.01 -20.79
299 2951.84 199.99 -20.79
300 -0.20 250.07 -20.79
301 49.90 250.03 -20.79
302 99.98 249.99 -20.79
303 150.05 249.96 -20.79
304 200.12 249.94 -20.79
305 250.17 249.93 -20.79
306 300.22 249.93 -20.79
307 350.25 249.93 -20.79
308 400.28 249.94 -20.79
309 450.30 249.96 -20.79
310 500.32 249.98 -20.79
311 550.33 249.99 -20.79
312 600.34 250.00 -20.79
313 650.35 250.02 -20.79
314 700.36 250.04 -20.79
315 750.39 250.08 -20.79
316 800.43 250.13 -20.79
317 850.50 250.19 -20.79
318 900.56 250.27 -20.79
319 950.58 250.30 -20.79
320 1000.57 250.29 -20.79
321 1050.55 250.27 -20.79
322 1100.56 250.24 -20.79
323 1150.58 250.23 -20.79
324 1200.60 250.21 -20.79
325 1250.63 250.18 -20.79
326 1300.66 250.16 -20.79
327 1350.68 250.14 -20.79
328 1400.68 250.12 -20.79
329 1450.68 250.09 -20.79
330 1500.66 250.07 -20.79
331 1550.65 250.06 -20.79
332 1600.65 250.06 -20.79
333 1650.67 250.07 -20.79
334 1700.69 250.09 -20.79
335 1750.69 250.10 -20.79
336 1800.68 250.09 -20.79
337 1850.68 250.09 -20.79
338 1900.70 250.09 -20.79
339 1950.73 250.09 -20.79
340 2000.76 250.10 -20.79
341 2050.80 250.10 -20.79
342 2100.84 250.11 -20.79
343 2150.89 250.12 -20.79
344 2200.93 250.13 -20.79
345 2250.96 250.14 -20.79
346 2300.99 250.16 -20.79
347 2351.00 250.17 -20.79
348 2401.01 250.18 -20.79
349 2451.01 250.18 -20.79
350 2501.01 250.17 -20.79
351 2551.02 250.16 -20.79
352 2601.05 250.14 -20.79
353 2651.09 250.12 -20.79
354 2701.14 250.10 -20.79
355 2751.21 250.08 -20.79
356 2801.29 250.06 -20.79
357 2851.39 250.03 -20.79
358 2901.51 250.01 -20.79
359 2951.64 249.99 -20.79
360 -0.24 300.09 -20.79
361 49.85 300.05 -20.79
362 99.93 300.01 -20.79
363 149.99 299.98 -20.79
364 200.05 299.96 -20.79
365 250.10 299.95 -20.79
366 300.15 299.95 -20.79
367 350.18 299.97 -20.79
368 400.21 299.98 -20.79
369 450.24 300.00 -20.79
370 500.26 300.01 -20.79
371 550.27 300.02 -20.79
372 600.28 300.03 -20.79
373 650.29 300.05 -20.79
374 700.31 300.08 -20.79
375 750.34 300.11 -20.79
376 800.39 300.16 -20.79
377 850.46 300.22 -20.79
378 900.53 300.30 -20.79
379 950.59 300.37 -20.79
380 1000.60 300.40 -20.79
381 1050.57 300.38 -20.79
382 1100.54 300.33 -20.79
383 1150.53 300.30 -20.79
384 1200.53 300.27 -20.79
385 1250.54 300.24 -20.79
386 1300.55 300.21 -20.79
387 1350.55 300.18 -20.79
388 1400.54 300.15 -20.79
389 1450.52 300.12 -20.79
390 1500.50 300.09 -20.79
391 1550.48 300.07 -20.79
392 1600.48 300.06 -20.79
393 1650.51 300.07 -20.79
394 1700.54 300.09 -20.79
395 1750.55 300.12 -20.79
396 1800.56 300.13 -20.79
397 1850.55 300.12 -20.79
398 1900.55 300.11 -20.79
399 1950.57 300.11 -20.79
400 2000.60 300.12 -20.79
401 2050.64 300.12 -20.79
402 2100.68 300.13 -20.79
403 2150.72 300.14 -20.79
404 2200.77 300.15 -20.79
405 2250.80 300.17 -20.79
406 2300.83 300.18 -20.79
407 2350.84 300.19 -20.79
408 2400.84 300.19 -20.79
409 2450.84 300.19 -20.79
410 2500.84 300.19 -20.79
411 2550.86 300.18 -20.79
412 2600.88 300.16 -20.79
413 2650.92 300.14 -20.79
414 2700.98 300.11 -20.79
415 2751.04 300.09 -20.79
416 2801.13 300.06 -20.79
417 2851.23 300.04 -20.79
418 2901.34 300.01 -20.79
419 2951.47 299.99 -20.79
420 -0.28 350.11 -20.79
421 49.80 350.07 -20.79
422 99.87 350.03 -20.79
423 149.93 350.00 -20.79
424 199.98 349.98 -20.79
425 250.03 349.97 -20.79
426 300.07 349.98 -20.79
427 350.11 350.00 -20.79
428 400.14 350.01 -20.79
429 450.17 350.03 -20.79
430 500.19 350.04 -20.79
431 550.21 350.04 -20.79
432 600.22 350.06 -20.79
433 650.23 350.08 -20.79
434 700.25 350.11 -20.79
435 750.28 350.14 -20.79
436 800.33 350.19 -20.79
437 850.41 350.25 -20.79
438 900.49 350.33 -20.79
439 950.57 350.41 -20.79
440 1000.61 350.48 -20.79
441 1050.62 350.49 -20.79
442 1100.57 350.45 -20.79
443 1150.52 350.39 -20.79
444 1200.49 350.35 -20.79
445 1250.48 350.31 -20.79
446 1300.47 350.27 -20.79
447 1350.46 350.23 -20.79
448 1400.44 350.19 -20.79
449 1450.41 350.16 -20.79
450 1500.37 350.12 -20.79
451 1550.35 350.10 -20.79
452 1600.35 350.07 -20.79
453 1650.38 350.07 -20.79
454 1700.42 350.09 -20.79
455 1750.45 350.13 -20.79
456 1800.48 350.16 -20.79
457 1850.48 350.16 -20.79
458 1900.47 350.15 -20.79
459 1950.47 350.14 -20.79
460 2000.49 350.14 -20.79
461 2050.53 350.15 -20.79
462 2100.57 350.15 -20.79
463 2150.62 350.17 -20.79
464 2200.66 350.18 -20.79
465 2250.69 350.19 -20.79
466 2300.72 350.20 -20.79
467 2350.73 350.21 -20.79
468 2400.73 350.21 -20.79
469 2450.73 350.21 -20.79
470 2500.73 350.20 -20.79
471 2550.74 350.19 -20.79
472 2600.76 350.17 -20.79
473 2650.80 350.15 -20.79
474 2700.86 350.13 -20.79
475 2750.93 350.10 -20.79
476 2801.01 350.07 -20.79
477 2851.11 350.04 -20.79
478 2901.22 350.01 -20.79
479 2951.35 349.99 -20.79
480 -0.32 400.13 -20.79
481 49.75 400.09 -20.79
482 99.82 400.05 -20.79
483 149.87 400.03 -20.79
484 199.92 400.01 -20.79
485 249.95 400.01 -20.79
486 299.99 400.01 -20.79
487 350.03 400.02 -20.79
488 400.07 400.03 -20.79
489 450.09 400.04 -20.79
490 500.12 400.05 -20.79
491 550.14 400.06 -20.79
492 600.15 400.08 -20.79
493 650.17 400.10 -20.79
494 700.19 400.13 -20.79
495 750.22 400.17 -20.79
496 800.28 400.22 -20.79
497 850.35 400.28 -20.79
498 900.44 400.35 -20.79
499 950.53 400.43 -20.79
500 1000.60 400.52 -20.79
501 1050.64 400.58 -20.79
502 1100.63 400.58 -20.79
503 1150.57 400.52 -20.79
504 1200.50 400.45 -20.79
505 1250.46 400.39 -20.79
506 1300.43 400.34 -20.79
507 1350.40 400.30 -20.79
508 1400.37 400.25 -20.79
509 1450.32 400.20 -20.79
510 1500.28 400.16 -20.79
511 1550.25 400.12 -20.79
512 1600.25 400.09 -20.79
513 1650.28 400.08 -20.79
514 1700.33 400.08 -20.79
515 1750.39 400.12 -20.79
516 1800.43 400.17 -20.79
517 1850.46 400.20 -20.79
518 1900.46 400.21 -20.79
519 1950.45 400.19 -20.79
520 2000.45 400.18 -20.79
521 2050.47 400.18 -20.79
522 2100.51 400.18 -20.79
523 2150.56 400.19 -20.79
524 2200.60 400.21 -20.79
525 2250.64 400.22 -20.79
526 2300.66 400.23 -20.79
527 2350.67 400.24 -20.79
528 2400.67 400.24 -20.79
529 2450.66 400.23 -20.79
530 2500.66 400.23 -20.79
531 2550.67 400.21 -20.79
532 2600.69 400.19 -20.79
533 2650.73 400.17 -20.79
534 2700.79 400.14 -20.79
535 2750.86 400.11 -20.79
536 2800.94 400.08 -20.79
537 2851.04 400.05 -20.79
538 2901.15 400.02 -20.79
539 2951.27 399.99 -20.79
540 -0.37 450.16 -20.79
541 49.70 450.12 -20.79
542 99.76 450.08 -20.79
543 149.80 450.06 -20.79
544 199.85 450.05 -20.79
545 249.88 450.04 -20.79
546 299.92 450.04 -20.79
547 349.95 450.04 -20.79
548 399.98 450.04 -20.79
549 450.02 450.05 -20.79
550 500.04 450.06 -20.79
551 550.06 450.07 -20.79
552 600.08 450.09 -20.79
553 650.10 450.12 -20.79
554 700.12 450.15 -20.79
555 750.16 450.19 -20.79
556 800.22 450.24 -20.79
557 850.29 450.30 -20.79
558 900.39 450.37 -20.79
559 950.49 450.45 -20.79
560 1000.57 450.54 -20.79
561 1050.64 450.63 -20.79
562 1100.67 450.67 -20.79
563 1150.64 450.66 -20.79
564 1200.57 450.59 -20.79
565 1250.49 450.50 -20.79
566 1300.43 450.43 -20.79
567 1350.38 450.37 -20.79
568 1400.33 450.32 -20.79
569 1450.28 450.26 -20.79
570 1500.22 450.21 -20.79
571 1550.18 450.16 -20.79
572 1600.18 450.12 -20.79
573 1650.21 450.09 -20.79
574 1700.27 450.08 -20.79
575 1750.35 450.11 -20.79
576 1800.42 450.16 -20.79
577 1850.47 450.22 -20.79
578 1900.50 450.25 -20.79
579 1950.49 450.26 -20.79
580 2000.48 450.23 -20.79
581 2050.48 450.22 -20.79
582 2100.51 450.22 -20.79
583 2150.55 450.22 -20.79
584 2200.59 450.24 -20.79
585 2250.63 450.25 -20.79
586 2300.65 450.26 -20.79
587 2350.66 450.27 -20.79
588 2400.66 450.27 -20.79
589 2450.65 450.26 -20.79
590 2500.64 450.25 -20.79
591 2550.65 450.23 -20.79
592 2600.67 450.21 -20.79
593 2650.71 450.19 -20.79
594 2700.76 450.16 -20.79
595 2750.83 450.13 -20.79
596 2800.91 450.10 -20.79
597 2851.01 450.06 -20.79
598 2901.11 450.03 -20.79
599 2951.22 450.00 -20.79
600 -0.41 500.20 -20.79
601 49.65 500.15 -20.79
602 99.69 500.12 -20.79
603 149.74 500.10 -20.79
604 199.78 500.08 -20.79
605 249.81 500.07 -20.79
606 299.85 500.06 -20.79
607 349.88 500.05 -20.79
608 399.91 500.05 -20.79
609 449.93 500.05 -20.79
610 499.96 500.06 -20.79
611 549.98 500.08 -20.79
612 600.00 500.10 -20.79
613 650.02 500.13 -20.79
614 700.05 500.16 -20.79
615 750.09 500.21 -20.79
616 800.15 500.26 -20.79
617 850.23 500.32 -20.79
618 900.33 500.38 -20.79
619 950.43 500.46 -20.79
620 1000.52 500.55 -20.79
621 1050.61 500.65 -20.79
622 1100.67 500.72 -20.79
623 1150.69 500.76 -20.79
624 1200.65 500.73 -20.79
625 1250.56 500.64 -20.79
626 1300.47 500.55 -20.79
627 1350.40 500.47 -20.79
628 1400.33 500.40 -20.79
629 1450.26 500.34 -20.79
630 1500.20 500.27 -20.79
631 1550.15 500.21 -20.79
632 1600.14 500.16 -20.79
633 1650.17 500.12 -20.79
634 1700.24 500.09 -20.79
635 1750.33 500.10 -20.79
636 1800.42 500.14 -20.79
637 1850.50 500.20 -20.79
638 1900.57 500.28 -20.79
639 1950.59 500.31 -20.79
640 2000.59 500.31 -20.79
641 2050.57 500.28 -20.79
642 2100.57 500.27 -20.79
643 2150.60 500.26 -20.79
644 2200.64 500.27 -20.79
645 2250.67 500.28 -20.79
646 2300.70 500.29 -20.79
647 2350.71 500.30 -20.79
648 2400.70 500.30 -20.79
649 2450.69 500.29 -20.79
650 2500.68 500.28 -20.79
651 2550.69 500.26 -20.79
652 2600.70 500.24 -20.79
653 2650.74 500.21 -20.79
654 2700.79 500.18 -20.79
655 2750.86 500.15 -20.79
656 2800.94 500.11 -20.79
657 2851.02 500.08 -20.79
658 2901.12 500.05 -20.79
659 2951.24 500.01 -20.79
660 -0.46 550.24 -20.79
661 49.59 550.20 -20.79
662 99.63 550.16 -20.79
663 149.67 550.14 -20.79
664 199.71 550.11 -20.79
665 249.75 550.09 -20.79
666 299.78 550.08 -20.79
667 349.81 550.06 -20.79
668 399.83 550.06 -20.79
669 449.86 550.06 -20.79
670 499.88 550.06 -20.79
671 549.90 550.08 -20.79
672 599.92 550.11 -20.79
673 649.95 550.14 -20.79
674 699.98 550.17 -20.79
675 750.02 550.22 -20.79
676 800.08 550.27 -20.79
677 850.17 550.33 -20.79
678 900.27 550.40 -20.79
679 950.38 550.47 -20.79
680 1000.48 550.55 -20.79
681 1050.56 550.65 -20.79
682 1100.64 550.75 -20.79
683 1150.70 550.82 -20.79
684 1200.71 550.84 -20.79
685 1250.66 550.79 -20.79
686 1300.56 550.69 -20.79
687 1350.45 550.59 -20.79
688 1400.36 550.50 -20.79
689 1450.28 550.42 -20.79
690 1500.20 550.35 -20.79
691 1550.15 550.27 -20.79
692 1600.13 550.21 -20.79
693 1650.16 550.15 -20.79
694 1700.23 550.11 -20.79
695 1750.34 550.09 -20.79
696 1800.45 550.12 -20.79
697 1850.56 550.17 -20.79
698 1900.65 550.26 -20.79
699 1950.72 550.34 -20.79
700 2000.75 550.38 -20.79
701 2050.73 550.37 -20.79
702 2100.71 550.34 -20.79
703 2150.72 550.32 -20.79
704 2200.74 550.32 -20.79
705 2250.78 550.32 -20.79
706 2300.80 550.33 -20.79
707 2350.81 550.34 -20.79
708 2400.80 550.34 -20.79
709 2450.79 550.33 -20.79
710 2500.78 550.31 -20.79
711 2550.78 550.29 -20.79
712 2600.79 550.26 -20.79
713 2650.83 550.23 -20.79
714 2700.88 550.20 -20.79
715 2750.94 550.17 -20.79
716 2801.01 550.14 -20.79
717 2851.09 550.11 -20.79
718 2901.19 550.07 -20.79
719 2951.33 550.03 -20.79
720 -0.50 600.29 -20.79
721 49.54 600.25 -20.79
722 99.58 600.20 -20.79
723 149.62 600.17 -20.79
724 199.65 600.14 -20.79
725 249.69 600.11 -20.79
726 299.72 600.09 -20.79
727 349.74 600.08 -20.79
728 399.77 600.07 -20.79
729 449.78 600.06 -20.79
730 499.80 600.07 -20.79
731 549.82 600.08 -20.79
732 599.84 600.11 -20.79
733 649.87 600.14 -20.79
734 699.90 600.18 -20.79
735 749.95 600.22 -20.79
736 800.02 600.28 -20.79
737 850.10 600.34 -20.79
738 900.21 600.41 -20.79
739 950.32 600.48 -20.79
740 1000.43 600.56 -20.79
741 1050.52 600.65 -20.79
742 1100.60 600.74 -20.79
743 1150.68 600.84 -20.79
744 1200.73 600.90 -20.79
745 1250.73 600.91 -20.79
746 1300.66 600.85 -20.79
747 1350.55 600.74 -20.79
748 1400.43 600.62 -20.79
749 1450.32 600.52 -20.79
750 1500.24 600.43 -20.79
751 1550.18 600.35 -20.79
752 1600.16 600.27 -20.79
753 1650.18 600.20 -20.79
754 1700.26 600.14 -20.79
755 1750.37 600.10 -20.79
756 1800.50 600.10 -20.79
757 1850.63 600.14 -20.79
758 1900.75 600.22 -20.79
759 1950.86 600.33 -20.79
760 2000.93 600.42 -20.79
761 2050.96 600.45 -20.79
762 2100.94 600.43 -20.79
763 2150.91 600.40 -20.79
764 2200.92 600.38 -20.79
765 2250.94 600.37 -20.79
766 2300.96 600.38 -20.79
767 2350.96 600.38 -20.79
768 2400.96 600.38 -20.79
769 2450.94 600.37 -20.79
770 2500.93 600.35 -20.79
771 2550.92 600.33 -20.79
772 2600.94 600.30 -20.79
773 2650.97 600.26 -20.79
774 2701.01 600.23 -20.79
775 2751.07 600.20 -20.79
776 2801.13 600.17 -20.79
777 2851.21 600.14 -20.79
778 2901.33 600.09 -20.79
779 2951.49 600.04 -20.79
780 -0.54 650.33 -20.79
781 49.51 650.29 -20.79
782 99.54 650.24 -20.79
783 149.57 650.20 -20.79
784 199.60 650.16 -20.79
785 249.63 650.13 -20.79
786 299.66 650.11 -20.79
787 349.68 650.09 -20.79
788 399.70 650.08 -20.79
789 449.72 650.07 -20.79
790 499.73 650.07 -20.79
791 549.75 650.09 -20.79
792 599.77 650.11 -20.79
793 649.79 650.14 -20.79
794 699.83 650.18 -20.79
795 749.88 650.23 -20.79
796 799.95 650.28 -20.79
797 850.04 650.34 -20.79
798 900.15 650.41 -20.79
799 950.26 650.48 -20.79
800 1000.37 650.56 -20.79
801 1050.47 650.64 -20.79
802 1100.56 650.73 -20.79
803 1150.64 650.83 -20.79
804 1200.72 650.92 -20.79
805 1250.77 650.98 -20.79
806 1300.75 650.97 -20.79
807 1350.67 650.90 -20.79
808 1400.55 650.78 -20.79
809 1450.42 650.65 -20.79
810 1500.31 650.54 -20.79
811 1550.24 650.44 -20.79
812 1600.21 650.34 -20.79
813 1650.24 650.25 -20.79
814 1700.31 650.18 -20.79
815 1750.43 650.13 -20.79
816 1800.57 650.10 -20.79
817 1850.72 650.12 -20.79
818 1900.87 650.18 -20.79
819 1951.01 650.28 -20.79
820 2001.13 650.41 -20.79
821 2051.20 650.50 -20.79
822 2101.23 650.53 -20.79
823 2151.20 650.50 -20.79
824 2201.18 650.46 -20.79
825 2251.17 650.44 -20.79
826 2301.18 650.43 -20.79
827 2351.18 650.43 -20.79
828 2401.17 650.43 -20.79
829 2451.15 650.42 -20.79
830 2501.14 650.40 -20.79
831 2551.13 650.37 -20.79
832 2601.14 650.34 -20.79
833 2651.17 650.30 -20.79
834 2701.20 650.27 -20.79
835 2751.25 650.24 -20.79
836 2801.31 650.21 -20.79
837 2851.40 650.16 -20.79
838 2901.54 650.11 -20.79
839 2951.73 650.06 -20.79
840 -0.58 700.36 -20.79
841 49.47 700.32 -20.79
842 99.51 700.28 -20.79
843 149.54 700.23 -20.79
844 199.57 700.19 -20.79
845 249.59 700.15 -20.79
846 299.61 700.12 -20.79
847 349.63 700.10 -20.79
848 399.65 700.09 -20.79
849 449.66 700.08 -20.79
850 499.67 700.08 -20.79
851 549.68 700.09 -20.79
852 599.70 700.11 -20.79
853 649.72 700.14 -20.79
854 699.76 700.18 -20.79
855 749.81 700.23 -20.79
856 799.88 700.28 -20.79
857 849.98 700.35 -20.79
858 900.09 700.41 -20.79
859 950.21 700.49 -20.79
860 1000.32 700.56 -20.79
861 1050.43 700.64 -20.79
862 1100.52 700.72 -20.79
863 1150.61 700.82 -20.79
864 1200.69 700.92 -20.79
865 1250.77 701.00 -20.79
866 1300.80 701.04 -20.79
867 1350.77 701.02 -20.79
868 1400.69 700.94 -20.79
869 1450.55 700.81 -20.79
870 1500.42 700.67 -20.79
871 1550.33 700.54 -20.79
872 1600.30 700.43 -20.79
873 1650.32 700.32 -20.79
874 1700.40 700.23 -20.79
875 1750.52 700.16 -20.79
876 1800.67 700.12 -20.79
877 1850.83 700.11 -20.79
878 1901.00 700.14 -20.79
879 1951.17 700.23 -20.79
880 2001.32 700.35 -20.79
881 2051.46 700.50 -20.79
882 2101.54 700.59 -20.79
883 2151.55 700.61 -20.79
884 2201.52 700.58 -20.79
885 2251.49 700.53 -20.79
886 2301.48 700.51 -20.79
887 2351.46 700.49 -20.79
888 2401.45 700.49 -20.79
889 2451.43 700.47 -20.79
890 2501.41 700.45 -20.79
891 2551.40 700.42 -20.79
892 2601.41 700.38 -20.79
893 2651.43 700.35 -20.79
894 2701.46 700.31 -20.79
895 2751.50 700.28 -20.79
896 2801.56 700.24 -20.79
897 2851.67 700.19 -20.79
898 2901.82 700.13 -20.79
899 2952.03 700.07 -20.79
900 -0.62 750.38 -20.79
901 49.44 750.35 -20.79
902 99.49 750.31 -20.79
903 149.53 750.27 -20.79
904 199.55 750.22 -20.79
905 249.56 750.18 -20.79
906 299.58 750.15 -20.79
907 349.59 750.12 -20.79
908 399.60 750.10 -20.79
909 449.61 750.10 -20.79
910 499.62 750.09 -20.79
911 549.63 750.10 -20.79
912 599.64 750.11 -20.79
913 649.66 750.14 -20.79
914 699.69 750.17 -20.79
915 749.75 750.22 -20.79
916 799.82 750.28 -20.79
917 849.92 750.34 -20.79
918 900.04 750.41 -20.79
919 950.16 750.49 -20.79
920 1000.27 750.56 -20.79
921 1050.38 750.63 -20.79
922 1100.48 750.71 -20.79
923 1150.57 750.80 -20.79
924 1200.65 750.90 -20.79
925 1250.73 751.00 -20.79
926 1300.81 751.07 -20.79
927 1350.83 751.10 -20.79
928 1400.80 751.07 -20.79
929 1450.70 750.98 -20.79
930 1500.57 750.83 -20.79
931 1550.46 750.67 -20.79
932 1600.41 750.53 -20.79
933 1650.43 750.41 -20.79
934 1700.51 750.30 -20.79
935 1750.64 750.21 -20.79
936 1800.79 750.15 -20.79
937 1850.97 750.11 -20.79
938 1901.16 750.12 -20.79
939 1951.34 750.18 -20.79
940 2001.53 750.28 -20.79
941 2051.70 750.43 -20.79
942 2101.84 750.59 -20.79
943 2151.92 750.68 -20.79
944 2201.93 750.69 -20.79
945 2251.89 750.65 -20.79
946 2301.85 750.61 -20.79
947 2351.82 750.57 -20.79
948 2401.79 750.55 -20.79
949 2451.76 750.53 -20.79
950 2501.74 750.51 -20.79
951 2551.73 750.47 -20.79
952 2601.73 750.44 -20.79
953 2651.75 750.40 -20.79
954 2701.77 750.37 -20.79
955 2751.81 750.33 -20.79
956 2801.89 750.28 -20.79
957 2852.01 750.22 -20.79
958 2902.18 750.16 -20.79
959 2952.41 750.09 -20.79
960 -0.65 800.40 -20.79
961 49.41 800.36 -20.79
962 99.47 800.33 -20.79
963 149.51 800.29 -20.79
964 199.53 800.26 -20.79
965 249.54 800.21 -20.79
966 299.55 800.17 -20.79
967 349.56 800.14 -20.79
968 399.56 800.12 -20.79
969 449.57 800.11 -20.79
970 499.57 800.10 -20.79
971 549.58 800.11 -20.79
972 599.59 800.12 -20.79
973 649.60 800.14 -20.79
974 699.63 800.17 -20.79
975 749.68 800.22 -20.79
976 799.76 800.27 -20.79
977 849.86 800.34 -20.79
978 899.98 800.41 -20.79
979 950.11 800.48 -20.79
980 1000.23 800.56 -20.79
981 1050.34 800.63 -20.79
982 1100.44 800.70 -20.79
983 1150.52 800.79 -20.79
984 1200.61 800.88 -20.79
985 1250.69 800.98 -20.79
986 1300.78 801.07 -20.79
987 1350.85 801.13 -20.79
988 1400.87 801.15 -20.79
989 1450.82 801.11 -20.79
990 1500.73 801.00 -20.79
991 1550.62 800.84 -20.79
992 1600.56 800.66 -20.79
993 1650.57 800.51 -20.79
994 1700.65 800.38 -20.79
995 1750.78 800.27 -20.79
996 1800.94 800.19 -20.79
997 1851.12 800.13 -20.79
998 1901.32 800.11 -20.79
999 1951.53 800.14 -20.79
1000 2001.74 800.22 -20.79
1001 2051.94 800.35 -20.79
1002 2102.13 800.52 -20.79
1003 2152.28 800.69 -20.79
1004 2202.36 800.78 -20.79
1005 2252.35 800.78 -20.79
1006 2302.31 800.74 -20.79
1007 2352.25 800.68 -20.79
1008 2402.20 800.64 -20.79
1009 2452.16 800.61 -20.79
1010 2502.13 800.57 -20.79
1011 2552.12 800.54 -20.79
1012 2602.11 800.50 -20.79
1013 2652.12 800.47 -20.79
1014 2702.14 800.44 -20.79
1015 2752.19 800.38 -20.79
1016 2802.28 800.32 -20.79
1017 2852.41 800.25 -20.79
1018 2902.60 800.18 -20.79
1019 2952.84 800.12 -20.79
1020 -0.68 850.40 -20.79
1021 49.39 850.38 -20.79
1022 99.44 850.35 -20.79
1023 149.49 850.32 -20.79
1024 199.52 850.28 -20.79
1025 249.53 850.25 -20.79
1026 299.53 850.20 -20.79
1027 349.53 850.17 -20.79
1028 399.53 850.14 -20.79
1029 449.53 850.13 -20.79
1030 499.53 850.12 -20.79
1031 549.53 850.12 -20.79
1032 599.54 850.13 -20.79
1033 649.55 850.15 -20.79
1034 699.58 850.17 -20.79
1035 749.62 850.21 -20.79
1036 799.70 850.27 -20.79
1037 849.80 850.33 -20.79
1038 899.92 850.40 -20.79
1039 950.05 850.48 -20.79
1040 1000.18 850.55 -20.79
1041 1050.29 850.62 -20.79
1042 1100.39 850.69 -20.79
1043 1150.48 850.77 -20.79
1044 1200.56 850.86 -20.79
1045 1250.64 850.95 -20.79
1046 1300.73 851.05 -20.79
1047 1350.82 851.13 -20.79
1048 1400.89 851.19 -20.79
1049 1450.90 851.19 -20.79
1050 1500.86 851.13 -20.79
1051 1550.80 851.00 -20.79
1052 1600.74 850.82 -20.79
1053 1650.73 850.64 -20.79
1054 1700.80 850.48 -20.79
1055 1750.93 850.35 -20.79
1056 1801.10 850.24 -20.79
1057 1851.30 850.16 -20.79
1058 1901.51 850.12 -20.79
1059 1951.73 850.11 -20.79
1060 2001.96 850.16 -20.79
1061 2052.18 850.26 -20.79
1062 2102.41 850.42 -20.79
1063 2152.61 850.62 -20.79
1064 2202.77 850.79 -20.79
1065 2252.84 850.88 -20.79
1066 2302.83 850.87 -20.79
1067 2352.77 850.82 -20.79
1068 2402.69 850.75 -20.79
1069 2452.63 850.70 -20.79
1070 2502.58 850.65 -20.79
1071 2552.56 850.61 -20.79
1072 2602.55 850.58 -20.79
1073 2652.56 850.55 -20.79
1074 2702.58 850.50 -20.79
1075 2752.63 850.43 -20.79
1076 2802.73 850.36 -20.79
1077 2852.88 850.28 -20.79
1078 2903.08 850.21 -20.79
1079 2953.34 850.14 -20.79
1080 -0.70 900.41 -20.79
1081 49.37 900.39 -20.79
1082 99.42 900.36 -20.79
1083 149.47 900.33 -20.79
1084 199.50 900.31 -20.79
1085 249.52 900.27 -20.79
1086 299.52 900.24 -20.79
1087 349.51 900.20 -20.79
1088 399.50 900.17 -20.79
1089 449.49 900.15 -20.79
1090 499.49 900.13 -20.79
1091 549.49 900.13 -20.79
1092 599.49 900.14 -20.79
1093 649.50 900.15 -20.79
1094 699.53 900.18 -20.79
1095 749.57 900.21 -20.79
1096 799.64 900.26 -20.79
1097 849.74 900.32 -20.79
1098 899.87 900.40 -20.79
1099 950.00 900.47 -20.79
1100 1000.12 900.54 -20.79
1101 1050.24 900.61 -20.79
1102 1100.35 900.69 -20.79
1103 1150.44 900.76 -20.79
1104 1200.52 900.84 -20.79
1105 1250.60 900.92 -20.79
1106 1300.68 901.01 -20.79
1107 1350.77 901.11 -20.79
1108 1400.87 901.18 -20.79
1109 1450.92 901.23 -20.79
1110 1500.94 901.21 -20.79
1111 1550.93 901.13 -20.79
1112 1600.92 900.99 -20.79
1113 1650.93 900.80 -20.79
1114 1700.98 900.60 -20.79
1115 1751.10 900.44 -20.79
1116 1801.28 900.31 -20.79
1117 1851.49 900.21 -20.79
1118 1901.71 900.14 -20.79
1119 1951.95 900.11 -20.79
1120 2002.19 900.12 -20.79
1121 2052.44 900.19 -20.79
1122 2102.68 900.32 -20.79
1123 2152.92 900.50 -20.79
1124 2203.14 900.72 -20.79
1125 2253.30 900.90 -20.79
1126 2303.36 900.98 -20.79
1127 2353.34 900.96 -20.79
1128 2403.27 900.90 -20.79
1129 2453.18 900.82 -20.79
1130 2503.11 900.75 -20.79
1131 2553.07 900.71 -20.79
1132 2603.05 900.67 -20.79
1133 2653.05 900.62 -20.79
1134 2703.08 900.55 -20.79
1135 2753.15 900.48 -20.79
1136 2803.26 900.40 -20.79
1137 2853.42 900.32 -20.79
1138 2903.63 900.24 -20.79
1139 2953.90 900.17 -20.79
1140 -0.72 950.41 -20.79
1141 49.35 950.39 -20.79
1142 99.40 950.37 -20.79
1143 149.45 950.35 -20.79
1144 199.48 950.32 -20.79
1145 249.50 950.30 -20.79
1146 299.50 950.27 -20.79
1147 349.50 950.23 -20.79
1148 399.48 950.20 -20.79
1149 449.47 950.17 -20.79
1150 499.46 950.15 -20.79
1151 549.45 950.15 -20.79
1152 599.45 950.15 -20.79
1153 649.46 950.16 -20.79
1154 699.48 950.19 -20.79
1155 749.52 950.22 -20.79
1156 799.59 950.26 -20.79
1157 849.69 950.32 -20.79
1158 899.80 950.38 -20.79
1159 949.94 950.45 -20.79
1160 1000.06 950.53 -20.79
1161 1050.19 950.60 -20.79
1162 1100.30 950.67 -20.79
1163 1150.40 950.75 -20.79
1164 1200.48 950.82 -20.79
1165 1250.55 950.90 -20.79
1166 1300.62 950.98 -20.79
1167 1350.71 951.07 -20.79
1168 1400.81 951.16 -20.79
1169 1450.91 951.23 -20.79
1170 1500.97 951.25 -20.79
1171 1551.01 951.22 -20.79
1172 1601.06 951.12 -20.79
1173 1651.12 950.96 -20.79
1174 1701.19 950.76 -20.79
1175 1751.30 950.56 -20.79
1176 1801.47 950.40 -20.79
1177 1851.69 950.27 -20.79
1178 1901.93 950.18 -20.79
1179 1952.19 950.12 -20.79
1180 2002.45 950.10 -20.79
1181 2052.71 950.13 -20.79
1182 2102.97 950.23 -20.79
1183 2153.24 950.38 -20.79
1184 2203.49 950.60 -20.79
1185 2253.72 950.84 -20.79
1186 2303.88 951.01 -20.79
1187 2353.94 951.08 -20.79
1188 2403.90 951.06 -20.79
1189 2453.81 950.98 -20.79
1190 2503.72 950.89 -20.79
1191 2553.65 950.82 -20.79
1192 2603.62 950.76 -20.79
1193 2653.61 950.69 -20.79
1194 2703.65 950.61 -20.79
1195 2753.72 950.53 -20.79
1196 2803.84 950.45 -20.79
1197 2854.01 950.36 -20.79
1198 2904.24 950.28 -20.79
1199 2954.52 950.21 -20.79
