# X, Y, Z
30.00 648.50 563.79
49.85 648.50 560.01
69.71 648.50 555.94
89.56 648.50 551.71
109.41 648.50 547.42
129.27 648.50 544.83
149.12 648.50 540.79
168.97 648.50 536.19
188.82 648.50 531.50
208.68 648.50 523.04
228.53 648.50 514.79
248.38 648.50 505.16
268.24 648.50 495.31
288.09 648.50 486.27
307.94 648.50 477.59
327.80 648.50 469.63
347.65 648.50 462.87
367.50 648.50 457.52
387.36 648.50 454.74
407.21 648.50 453.16
427.06 648.50 454.37
446.92 648.50 457.33
466.77 648.50 461.38
486.62 648.50 466.63
506.48 648.50 470.92
526.33 648.50 474.50
546.18 648.50 478.58
566.03 648.50 482.67
585.89 648.50 486.75
605.74 648.50 490.49
625.59 648.50 494.74
645.45 648.50 499.44
665.30 648.50 503.27
30.00 628.51 559.93
49.85 628.51 555.96
69.71 628.51 551.92
89.56 628.51 547.75
109.41 628.51 544.36
129.27 628.51 540.86
149.12 628.51 536.77
168.97 628.51 532.98
188.82 628.51 527.61
208.68 628.51 519.92
228.53 628.51 510.82
248.38 628.51 501.10
268.24 628.51 491.79
288.09 628.51 481.97
307.94 628.51 473.24
327.80 628.51 465.39
347.65 628.51 458.60
367.50 628.51 453.22
387.36 628.51 449.62
407.21 628.51 448.54
427.06 628.51 449.96
446.92 628.51 453.08
466.77 628.51 457.17
486.62 628.51 462.23
506.48 628.51 466.81
526.33 628.51 470.88
546.18 628.51 474.50
566.03 628.51 478.57
585.89 628.51 482.68
605.74 628.51 486.53
625.59 628.51 490.74
645.45 628.51 495.40
665.30 628.51 499.40
30.00 608.52 555.98
49.85 608.52 552.12
69.71 608.52 548.04
89.56 608.52 544.14
109.41 608.52 540.13
129.27 608.52 536.60
149.12 608.52 533.66
168.97 608.52 529.25
188.82 608.52 524.71
208.68 608.52 516.64
228.53 608.52 507.01
248.38 608.52 497.70
268.24 608.52 487.47
288.09 608.52 477.75
307.94 608.52 468.61
327.80 608.52 460.65
347.65 608.52 453.91
367.50 608.52 448.59
387.36 608.52 444.27
407.21 608.52 442.66
427.06 608.52 445.17
446.92 608.52 448.67
466.77 608.52 453.06
486.62 608.52 458.34
506.48 608.52 462.89
526.33 608.52 466.82
546.18 608.52 470.94
566.03 608.52 474.44
585.89 608.52 478.56
605.74 608.52 482.80
625.59 608.52 486.86
645.45 608.52 491.55
665.30 608.52 495.44
30.00 588.54 552.01
49.85 588.54 548.34
69.71 588.54 544.19
89.56 588.54 540.16
109.41 588.54 536.21
129.27 588.54 532.95
149.12 588.54 529.36
168.97 588.54 525.55
188.82 588.54 520.52
208.68 588.54 512.66
228.53 588.54 503.30
248.38 588.54 493.40
268.24 588.54 483.85
288.09 588.54 473.76
307.94 588.54 464.60
327.80 588.54 457.00
347.65 588.54 449.64
367.50 588.54 445.03
387.36 588.54 440.60
407.21 588.54 438.95
427.06 588.54 441.60
446.92 588.54 444.40
466.77 588.54 449.42
486.62 588.54 454.18
506.48 588.54 458.79
526.33 588.54 463.12
546.18 588.54 466.65
566.03 588.54 470.82
585.89 588.54 474.74
605.74 588.54 478.76
625.59 588.54 482.97
645.45 588.54 487.76
665.30 588.54 491.47
30.00 568.55 547.89
49.85 568.55 544.50
69.71 568.55 540.38
89.56 568.55 536.08
109.41 568.55 532.46
129.27 568.55 528.66
149.12 568.55 525.35
168.97 568.55 520.85
188.82 568.55 515.54
208.68 568.55 507.89
228.53 568.55 499.38
248.38 568.55 489.69
268.24 568.55 479.73
288.09 568.55 470.11
307.94 568.55 461.40
327.80 568.55 453.62
347.65 568.55 447.25
367.50 568.55 441.78
387.36 568.55 437.88
407.21 568.55 436.82
427.06 568.55 438.23
446.92 568.55 441.72
466.77 568.55 445.84
486.62 568.55 450.30
506.48 568.55 454.84
526.33 568.55 459.04
546.18 568.55 463.09
566.03 568.55 467.13
585.89 568.55 470.79
605.74 568.55 474.85
625.59 568.55 479.16
645.45 568.55 483.93
665.30 568.55 487.36
30.00 548.56 544.20
49.85 548.56 540.42
69.71 548.56 536.35
89.56 548.56 532.11
109.41 548.56 527.82
129.27 548.56 525.24
149.12 548.56 521.21
168.97 548.56 516.60
188.82 548.56 511.90
208.68 548.56 503.44
228.53 548.56 495.20
248.38 548.56 485.58
268.24 548.56 475.73
288.09 548.56 466.68
307.94 548.56 458.00
327.80 548.56 450.05
347.65 548.56 443.29
367.50 548.56 437.94
387.36 548.56 435.16
407.21 548.56 433.57
427.06 548.56 434.79
446.92 548.56 437.74
466.77 548.56 441.80
486.62 548.56 447.04
506.48 548.56 451.33
526.33 548.56 454.91
546.18 548.56 459.00
566.03 548.56 463.09
585.89 548.56 466.60
605.74 548.56 470.89
625.59 548.56 475.15
645.45 548.56 479.85
665.30 548.56 483.68
30.00 528.58 540.33
49.85 528.58 536.38
69.71 528.58 532.33
89.56 528.58 528.15
109.41 528.58 524.79
129.27 528.58 520.89
149.12 528.58 517.18
168.97 528.58 512.76
188.82 528.58 507.93
208.68 528.58 500.27
228.53 528.58 491.26
248.38 528.58 481.52
268.24 528.58 471.60
288.09 528.58 462.42
307.94 528.58 453.70
327.80 528.58 445.84
347.65 528.58 439.05
367.50 528.58 433.61
387.36 528.58 430.13
407.21 528.58 429.08
427.06 528.58 430.42
446.92 528.58 433.53
466.77 528.58 437.72
486.62 528.58 442.63
506.48 528.58 447.20
526.33 528.58 451.29
546.18 528.58 454.92
566.03 528.58 458.99
585.89 528.58 463.10
605.74 528.58 466.94
625.59 528.58 471.15
645.45 528.58 475.81
665.30 528.58 479.80
30.00 508.59 535.82
49.85 508.59 531.96
69.71 508.59 527.88
89.56 508.59 523.96
109.41 508.59 519.95
129.27 508.59 516.42
149.12 508.59 513.49
168.97 508.59 509.09
188.82 508.59 504.57
208.68 508.59 496.51
228.53 508.59 486.85
248.38 508.59 477.52
268.24 508.59 467.29
288.09 508.59 457.56
307.94 508.59 448.42
327.80 508.59 440.47
347.65 508.59 433.73
367.50 508.59 428.41
387.36 508.59 424.46
407.21 508.59 422.42
427.06 508.59 424.98
446.92 508.59 428.50
466.77 508.59 432.89
486.62 508.59 438.17
506.48 508.59 442.73
526.33 508.59 446.65
546.18 508.59 450.77
566.03 508.59 454.26
585.89 508.59 458.39
605.74 508.59 462.62
625.59 508.59 466.69
645.45 508.59 471.38
665.30 508.59 475.28
30.00 488.60 531.84
49.85 488.60 528.17
69.71 488.60 524.02
89.56 488.60 520.01
109.41 488.60 516.06
129.27 488.60 512.78
149.12 488.60 509.19
168.97 488.60 505.36
188.82 488.60 500.30
208.68 488.60 492.46
228.53 488.60 483.12
248.38 488.60 473.23
268.24 488.60 463.68
288.09 488.60 453.55
307.94 488.60 444.46
327.80 488.60 436.84
347.65 488.60 429.47
367.50 488.60 424.88
387.36 488.60 420.48
407.21 488.60 418.85
427.06 488.60 421.45
446.92 488.60 424.23
466.77 488.60 429.25
486.62 488.60 434.00
506.48 488.60 438.61
526.33 488.60 442.94
546.18 488.60 446.48
566.03 488.60 450.65
585.89 488.60 454.58
605.74 488.60 458.60
625.59 488.60 462.81
645.45 488.60 467.59
665.30 488.60 471.30
30.00 468.61 527.72
49.85 468.61 524.34
69.71 468.61 520.22
89.56 468.61 515.92
109.41 468.61 512.30
129.27 468.61 509.09
149.12 468.61 505.18
168.97 468.61 500.67
188.82 468.61 495.35
208.68 468.61 487.70
228.53 468.61 479.20
248.38 468.61 469.52
268.24 468.61 459.57
288.09 468.61 449.96
307.94 468.61 441.25
327.80 468.61 433.47
347.65 468.61 427.09
367.50 468.61 421.63
387.36 468.61 417.76
407.21 468.61 416.71
427.06 468.61 418.09
446.92 468.61 421.56
466.77 468.61 425.68
486.62 468.61 430.14
506.48 468.61 434.68
526.33 468.61 438.87
546.18 468.61 442.92
566.03 468.61 446.97
585.89 468.61 450.63
605.74 468.61 454.69
625.59 468.61 459.00
645.45 468.61 463.76
665.30 468.61 467.19
30.00 448.62 524.04
49.85 448.62 520.25
69.71 448.62 516.18
89.56 448.62 511.95
109.41 448.62 507.66
129.27 448.62 505.08
149.12 448.62 501.04
168.97 448.62 496.43
188.82 448.62 491.74
208.68 448.62 483.28
228.53 448.62 475.04
248.38 448.62 465.41
268.24 448.62 455.56
288.09 448.62 446.51
307.94 448.62 437.84
327.80 448.62 429.88
347.65 448.62 423.12
367.50 448.62 417.77
387.36 448.62 414.99
407.21 448.62 413.41
427.06 448.62 414.63
446.92 448.62 417.58
466.77 448.62 421.63
486.62 448.62 426.88
506.48 448.62 431.17
526.33 448.62 434.74
546.18 448.62 438.83
566.03 448.62 442.92
585.89 448.62 446.44
605.74 448.62 450.73
625.59 448.62 454.99
645.45 448.62 459.69
665.30 448.62 463.52
30.00 428.64 520.05
49.85 428.64 516.21
69.71 428.64 512.17
89.56 428.64 507.99
109.41 428.64 504.62
129.27 428.64 500.72
149.12 428.64 497.02
168.97 428.64 492.61
188.82 428.64 487.80
208.68 428.64 480.13
228.53 428.64 471.06
248.38 428.64 461.35
268.24 428.64 452.05
288.09 428.64 442.24
307.94 428.64 433.52
327.80 428.64 425.66
347.65 428.64 418.87
367.50 428.64 413.42
387.36 428.64 409.92
407.21 428.64 408.87
427.06 428.64 410.23
446.92 428.64 413.35
466.77 428.64 417.55
486.62 428.64 422.47
506.48 428.64 427.04
526.33 428.64 431.13
546.18 428.64 434.75
566.03 428.64 438.82
585.89 428.64 442.93
605.74 428.64 446.78
625.59 428.64 450.98
645.45 428.64 455.64
665.30 428.64 459.52
30.00 408.65 516.07
49.85 408.65 512.15
69.71 408.65 508.32
89.56 408.65 504.21
109.41 408.65 500.31
129.27 408.65 496.86
149.12 408.65 493.92
168.97 408.65 489.49
188.82 408.65 484.77
208.68 408.65 476.77
228.53 408.65 467.25
248.38 408.65 457.96
268.24 408.65 447.73
288.09 408.65 437.84
307.94 408.65 428.80
327.80 408.65 420.92
347.65 408.65 414.17
367.50 408.65 408.87
387.36 408.65 404.58
407.21 408.65 403.02
427.06 408.65 405.46
446.92 408.65 408.94
466.77 408.65 413.32
486.62 408.65 418.34
506.48 408.65 423.11
526.33 408.65 427.07
546.18 408.65 431.20
566.03 408.65 434.69
585.89 408.65 438.82
605.74 408.65 442.92
625.59 408.65 447.02
645.45 408.65 451.58
665.30 408.65 455.52
30.00 388.66 512.12
49.85 388.66 508.22
69.71 388.66 504.17
89.56 388.66 500.06
109.41 388.66 496.40
129.27 388.66 493.23
149.12 388.66 489.63
168.97 388.66 485.52
188.82 388.66 480.64
208.68 388.66 472.81
228.53 388.66 463.59
248.38 388.66 453.66
268.24 388.66 443.55
288.09 388.66 433.67
307.94 388.66 424.52
327.80 388.66 416.67
347.65 388.66 409.89
367.50 388.66 404.29
387.36 388.66 400.35
407.21 388.66 398.71
427.06 388.66 401.12
446.92 388.66 404.66
466.77 388.66 409.10
486.62 388.66 414.16
506.48 388.66 418.83
526.33 388.66 422.95
546.18 388.66 426.91
566.03 388.66 430.88
585.89 388.66 434.74
605.74 388.66 438.87
625.59 388.66 442.85
645.45 388.66 447.50
665.30 388.66 451.45
30.00 368.68 507.94
49.85 368.68 504.09
69.71 368.68 500.56
89.56 368.68 496.49
109.41 368.68 492.61
129.27 368.68 489.14
149.12 368.68 485.33
168.97 368.68 480.94
188.82 368.68 475.78
208.68 368.68 467.83
228.53 368.68 459.12
248.38 368.68 449.40
268.24 368.68 439.43
288.09 368.68 429.58
307.94 368.68 420.57
327.80 368.68 412.60
347.65 368.68 405.83
367.50 368.68 400.38
387.36 368.68 396.76
407.21 368.68 395.57
427.06 368.68 397.38
446.92 368.68 400.58
466.77 368.68 404.81
486.62 368.68 409.53
506.48 368.68 414.18
526.33 368.68 418.62
546.18 368.68 422.67
566.03 368.68 426.68
585.89 368.68 430.72
605.74 368.68 434.78
625.59 368.68 438.98
645.45 368.68 443.32
665.30 368.68 447.25
30.00 348.69 503.56
49.85 348.69 499.97
69.71 348.69 496.01
89.56 348.69 492.00
109.41 348.69 488.29
129.27 348.69 484.54
149.12 348.69 480.61
168.97 348.69 476.07
188.82 348.69 471.04
208.68 348.69 462.93
228.53 348.69 454.37
248.38 348.69 444.73
268.24 348.69 434.81
288.09 348.69 425.00
307.94 348.69 416.04
327.80 348.69 408.13
347.65 348.69 401.42
367.50 348.69 396.00
387.36 348.69 392.42
407.21 348.69 391.17
427.06 348.69 393.03
446.92 348.69 396.11
466.77 348.69 400.21
486.62 348.69 404.76
506.48 348.69 409.34
526.33 348.69 413.92
546.18 348.69 418.02
566.03 348.69 422.07
585.89 348.69 426.12
605.74 348.69 430.17
625.59 348.69 434.34
645.45 348.69 439.04
665.30 348.69 442.74
30.00 328.70 499.72
49.85 328.70 496.08
69.71 328.70 492.06
89.56 328.70 488.09
109.41 328.70 484.23
129.27 328.70 480.58
149.12 328.70 476.76
168.97 328.70 472.81
188.82 328.70 467.50
208.68 328.70 459.46
228.53 328.70 450.59
248.38 328.70 440.97
268.24 328.70 430.82
288.09 328.70 420.96
307.94 328.70 412.10
327.80 328.70 404.62
347.65 328.70 397.96
367.50 328.70 392.47
387.36 328.70 388.24
407.21 328.70 386.80
427.06 328.70 388.82
446.92 328.70 392.56
466.77 328.70 396.78
486.62 328.70 401.14
506.48 328.70 405.63
526.33 328.70 409.97
546.18 328.70 414.30
566.03 328.70 418.30
585.89 328.70 422.25
605.74 328.70 426.31
625.59 328.70 430.47
645.45 328.70 435.20
665.30 328.70 438.94
