# Number of nodal point for each triganle, followed by Point ID
3 528 529 495
3 529 495 496
3 529 530 496
3 530 496 497
3 530 531 497
3 531 497 498
3 531 532 498
3 532 498 499
3 532 533 499
3 533 499 500
3 533 534 500
3 534 500 501
3 534 535 501
3 535 501 502
3 535 536 502
3 536 502 503
3 536 537 503
3 537 503 504
3 537 538 504
3 538 504 505
3 538 539 505
3 539 505 506
3 539 540 506
3 540 506 507
3 540 541 507
3 541 507 508
3 541 542 508
3 542 508 509
3 542 543 509
3 543 509 510
3 543 544 510
3 544 510 511
3 544 545 511
3 545 511 512
3 545 546 512
3 546 512 513
3 546 547 513
3 547 513 514
3 547 548 514
3 548 514 515
3 548 549 515
3 549 515 516
3 549 550 516
3 550 516 517
3 550 551 517
3 551 517 518
3 551 552 518
3 552 518 519
3 552 553 519
3 553 519 520
3 553 554 520
3 554 520 521
3 554 555 521
3 555 521 522
3 555 556 522
3 556 522 523
3 556 557 523
3 557 523 524
3 557 558 524
3 558 524 525
3 558 559 525
3 559 525 526
3 559 560 526
3 560 526 527
3 495 496 462
3 496 462 463
3 496 497 463
3 497 463 464
3 497 498 464
3 498 464 465
3 498 499 465
3 499 465 466
3 499 500 466
3 500 466 467
3 500 501 467
3 501 467 468
3 501 502 468
3 502 468 469
3 502 503 469
3 503 469 470
3 503 504 470
3 504 470 471
3 504 505 471
3 505 471 472
3 505 506 472
3 506 472 473
3 506 507 473
3 507 473 474
3 507 508 474
3 508 474 475
3 508 509 475
3 509 475 476
3 509 510 476
3 510 476 477
3 510 511 477
3 511 477 478
3 511 512 478
3 512 478 479
3 512 513 479
3 513 479 480
3 513 514 480
3 514 480 481
3 514 515 481
3 515 481 482
3 515 516 482
3 516 482 483
3 516 517 483
3 517 483 484
3 517 518 484
3 518 484 485
3 518 519 485
3 519 485 486
3 519 520 486
3 520 486 487
3 520 521 487
3 521 487 488
3 521 522 488
3 522 488 489
3 522 523 489
3 523 489 490
3 523 524 490
3 524 490 491
3 524 525 491
3 525 491 492
3 525 526 492
3 526 492 493
3 526 527 493
3 527 493 494
3 462 463 429
3 463 429 430
3 463 464 430
3 464 430 431
3 464 465 431
3 465 431 432
3 465 466 432
3 466 432 433
3 466 467 433
3 467 433 434
3 467 468 434
3 468 434 435
3 468 469 435
3 469 435 436
3 469 470 436
3 470 436 437
3 470 471 437
3 471 437 438
3 471 472 438
3 472 438 439
3 472 473 439
3 473 439 440
3 473 474 440
3 474 440 441
3 474 475 441
3 475 441 442
3 475 476 442
3 476 442 443
3 476 477 443
3 477 443 444
3 477 478 444
3 478 444 445
3 478 479 445
3 479 445 446
3 479 480 446
3 480 446 447
3 480 481 447
3 481 447 448
3 481 482 448
3 482 448 449
3 482 483 449
3 483 449 450
3 483 484 450
3 484 450 451
3 484 485 451
3 485 451 452
3 485 486 452
3 486 452 453
3 486 487 453
3 487 453 454
3 487 488 454
3 488 454 455
3 488 489 455
3 489 455 456
3 489 490 456
3 490 456 457
3 490 491 457
3 491 457 458
3 491 492 458
3 492 458 459
3 492 493 459
3 493 459 460
3 493 494 460
3 494 460 461
3 429 430 396
3 430 396 397
3 430 431 397
3 431 397 398
3 431 432 398
3 432 398 399
3 432 433 399
3 433 399 400
3 433 434 400
3 434 400 401
3 434 435 401
3 435 401 402
3 435 436 402
3 436 402 403
3 436 437 403
3 437 403 404
3 437 438 404
3 438 404 405
3 438 439 405
3 439 405 406
3 439 440 406
3 440 406 407
3 440 441 407
3 441 407 408
3 441 442 408
3 442 408 409
3 442 443 409
3 443 409 410
3 443 444 410
3 444 410 411
3 444 445 411
3 445 411 412
3 445 446 412
3 446 412 413
3 446 447 413
3 447 413 414
3 447 448 414
3 448 414 415
3 448 449 415
3 449 415 416
3 449 450 416
3 450 416 417
3 450 451 417
3 451 417 418
3 451 452 418
3 452 418 419
3 452 453 419
3 453 419 420
3 453 454 420
3 454 420 421
3 454 455 421
3 455 421 422
3 455 456 422
3 456 422 423
3 456 457 423
3 457 423 424
3 457 458 424
3 458 424 425
3 458 459 425
3 459 425 426
3 459 460 426
3 460 426 427
3 460 461 427
3 461 427 428
3 396 397 363
3 397 363 364
3 397 398 364
3 398 364 365
3 398 399 365
3 399 365 366
3 399 400 366
3 400 366 367
3 400 401 367
3 401 367 368
3 401 402 368
3 402 368 369
3 402 403 369
3 403 369 370
3 403 404 370
3 404 370 371
3 404 405 371
3 405 371 372
3 405 406 372
3 406 372 373
3 406 407 373
3 407 373 374
3 407 408 374
3 408 374 375
3 408 409 375
3 409 375 376
3 409 410 376
3 410 376 377
3 410 411 377
3 411 377 378
3 411 412 378
3 412 378 379
3 412 413 379
3 413 379 380
3 413 414 380
3 414 380 381
3 414 415 381
3 415 381 382
3 415 416 382
3 416 382 383
3 416 417 383
3 417 383 384
3 417 418 384
3 418 384 385
3 418 419 385
3 419 385 386
3 419 420 386
3 420 386 387
3 420 421 387
3 421 387 388
3 421 422 388
3 422 388 389
3 422 423 389
3 423 389 390
3 423 424 390
3 424 390 391
3 424 425 391
3 425 391 392
3 425 426 392
3 426 392 393
3 426 427 393
3 427 393 394
3 427 428 394
3 428 394 395
3 363 364 330
3 364 330 331
3 364 365 331
3 365 331 332
3 365 366 332
3 366 332 333
3 366 367 333
3 367 333 334
3 367 368 334
3 368 334 335
3 368 369 335
3 369 335 336
3 369 370 336
3 370 336 337
3 370 371 337
3 371 337 338
3 371 372 338
3 372 338 339
3 372 373 339
3 373 339 340
3 373 374 340
3 374 340 341
3 374 375 341
3 375 341 342
3 375 376 342
3 376 342 343
3 376 377 343
3 377 343 344
3 377 378 344
3 378 344 345
3 378 379 345
3 379 345 346
3 379 380 346
3 380 346 347
3 380 381 347
3 381 347 348
3 381 382 348
3 382 348 349
3 382 383 349
3 383 349 350
3 383 384 350
3 384 350 351
3 384 385 351
3 385 351 352
3 385 386 352
3 386 352 353
3 386 387 353
3 387 353 354
3 387 388 354
3 388 354 355
3 388 389 355
3 389 355 356
3 389 390 356
3 390 356 357
3 390 391 357
3 391 357 358
3 391 392 358
3 392 358 359
3 392 393 359
3 393 359 360
3 393 394 360
3 394 360 361
3 394 395 361
3 395 361 362
3 330 331 297
3 331 297 298
3 331 332 298
3 332 298 299
3 332 333 299
3 333 299 300
3 333 334 300
3 334 300 301
3 334 335 301
3 335 301 302
3 335 336 302
3 336 302 303
3 336 337 303
3 337 303 304
3 337 338 304
3 338 304 305
3 338 339 305
3 339 305 306
3 339 340 306
3 340 306 307
3 340 341 307
3 341 307 308
3 341 342 308
3 342 308 309
3 342 343 309
3 343 309 310
3 343 344 310
3 344 310 311
3 344 345 311
3 345 311 312
3 345 346 312
3 346 312 313
3 346 347 313
3 347 313 314
3 347 348 314
3 348 314 315
3 348 349 315
3 349 315 316
3 349 350 316
3 350 316 317
3 350 351 317
3 351 317 318
3 351 352 318
3 352 318 319
3 352 353 319
3 353 319 320
3 353 354 320
3 354 320 321
3 354 355 321
3 355 321 322
3 355 356 322
3 356 322 323
3 356 357 323
3 357 323 324
3 357 358 324
3 358 324 325
3 358 359 325
3 359 325 326
3 359 360 326
3 360 326 327
3 360 361 327
3 361 327 328
3 361 362 328
3 362 328 329
3 297 298 264
3 298 264 265
3 298 299 265
3 299 265 266
3 299 300 266
3 300 266 267
3 300 301 267
3 301 267 268
3 301 302 268
3 302 268 269
3 302 303 269
3 303 269 270
3 303 304 270
3 304 270 271
3 304 305 271
3 305 271 272
3 305 306 272
3 306 272 273
3 306 307 273
3 307 273 274
3 307 308 274
3 308 274 275
3 308 309 275
3 309 275 276
3 309 310 276
3 310 276 277
3 310 311 277
3 311 277 278
3 311 312 278
3 312 278 279
3 312 313 279
3 313 279 280
3 313 314 280
3 314 280 281
3 314 315 281
3 315 281 282
3 315 316 282
3 316 282 283
3 316 317 283
3 317 283 284
3 317 318 284
3 318 284 285
3 318 319 285
3 319 285 286
3 319 320 286
3 320 286 287
3 320 321 287
3 321 287 288
3 321 322 288
3 322 288 289
3 322 323 289
3 323 289 290
3 323 324 290
3 324 290 291
3 324 325 291
3 325 291 292
3 325 326 292
3 326 292 293
3 326 327 293
3 327 293 294
3 327 328 294
3 328 294 295
3 328 329 295
3 329 295 296
3 264 265 231
3 265 231 232
3 265 266 232
3 266 232 233
3 266 267 233
3 267 233 234
3 267 268 234
3 268 234 235
3 268 269 235
3 269 235 236
3 269 270 236
3 270 236 237
3 270 271 237
3 271 237 238
3 271 272 238
3 272 238 239
3 272 273 239
3 273 239 240
3 273 274 240
3 274 240 241
3 274 275 241
3 275 241 242
3 275 276 242
3 276 242 243
3 276 277 243
3 277 243 244
3 277 278 244
3 278 244 245
3 278 279 245
3 279 245 246
3 279 280 246
3 280 246 247
3 280 281 247
3 281 247 248
3 281 282 248
3 282 248 249
3 282 283 249
3 283 249 250
3 283 284 250
3 284 250 251
3 284 285 251
3 285 251 252
3 285 286 252
3 286 252 253
3 286 287 253
3 287 253 254
3 287 288 254
3 288 254 255
3 288 289 255
3 289 255 256
3 289 290 256
3 290 256 257
3 290 291 257
3 291 257 258
3 291 292 258
3 292 258 259
3 292 293 259
3 293 259 260
3 293 294 260
3 294 260 261
3 294 295 261
3 295 261 262
3 295 296 262
3 296 262 263
3 231 232 198
3 232 198 199
3 232 233 199
3 233 199 200
3 233 234 200
3 234 200 201
3 234 235 201
3 235 201 202
3 235 236 202
3 236 202 203
3 236 237 203
3 237 203 204
3 237 238 204
3 238 204 205
3 238 239 205
3 239 205 206
3 239 240 206
3 240 206 207
3 240 241 207
3 241 207 208
3 241 242 208
3 242 208 209
3 242 243 209
3 243 209 210
3 243 244 210
3 244 210 211
3 244 245 211
3 245 211 212
3 245 246 212
3 246 212 213
3 246 247 213
3 247 213 214
3 247 248 214
3 248 214 215
3 248 249 215
3 249 215 216
3 249 250 216
3 250 216 217
3 250 251 217
3 251 217 218
3 251 252 218
3 252 218 219
3 252 253 219
3 253 219 220
3 253 254 220
3 254 220 221
3 254 255 221
3 255 221 222
3 255 256 222
3 256 222 223
3 256 257 223
3 257 223 224
3 257 258 224
3 258 224 225
3 258 259 225
3 259 225 226
3 259 260 226
3 260 226 227
3 260 261 227
3 261 227 228
3 261 262 228
3 262 228 229
3 262 263 229
3 263 229 230
3 198 199 165
3 199 165 166
3 199 200 166
3 200 166 167
3 200 201 167
3 201 167 168
3 201 202 168
3 202 168 169
3 202 203 169
3 203 169 170
3 203 204 170
3 204 170 171
3 204 205 171
3 205 171 172
3 205 206 172
3 206 172 173
3 206 207 173
3 207 173 174
3 207 208 174
3 208 174 175
3 208 209 175
3 209 175 176
3 209 210 176
3 210 176 177
3 210 211 177
3 211 177 178
3 211 212 178
3 212 178 179
3 212 213 179
3 213 179 180
3 213 214 180
3 214 180 181
3 214 215 181
3 215 181 182
3 215 216 182
3 216 182 183
3 216 217 183
3 217 183 184
3 217 218 184
3 218 184 185
3 218 219 185
3 219 185 186
3 219 220 186
3 220 186 187
3 220 221 187
3 221 187 188
3 221 222 188
3 222 188 189
3 222 223 189
3 223 189 190
3 223 224 190
3 224 190 191
3 224 225 191
3 225 191 192
3 225 226 192
3 226 192 193
3 226 227 193
3 227 193 194
3 227 228 194
3 228 194 195
3 228 229 195
3 229 195 196
3 229 230 196
3 230 196 197
3 165 166 132
3 166 132 133
3 166 167 133
3 167 133 134
3 167 168 134
3 168 134 135
3 168 169 135
3 169 135 136
3 169 170 136
3 170 136 137
3 170 171 137
3 171 137 138
3 171 172 138
3 172 138 139
3 172 173 139
3 173 139 140
3 173 174 140
3 174 140 141
3 174 175 141
3 175 141 142
3 175 176 142
3 176 142 143
3 176 177 143
3 177 143 144
3 177 178 144
3 178 144 145
3 178 179 145
3 179 145 146
3 179 180 146
3 180 146 147
3 180 181 147
3 181 147 148
3 181 182 148
3 182 148 149
3 182 183 149
3 183 149 150
3 183 184 150
3 184 150 151
3 184 185 151
3 185 151 152
3 185 186 152
3 186 152 153
3 186 187 153
3 187 153 154
3 187 188 154
3 188 154 155
3 188 189 155
3 189 155 156
3 189 190 156
3 190 156 157
3 190 191 157
3 191 157 158
3 191 192 158
3 192 158 159
3 192 193 159
3 193 159 160
3 193 194 160
3 194 160 161
3 194 195 161
3 195 161 162
3 195 196 162
3 196 162 163
3 196 197 163
3 197 163 164
3 132 133 99
3 133 99 100
3 133 134 100
3 134 100 101
3 134 135 101
3 135 101 102
3 135 136 102
3 136 102 103
3 136 137 103
3 137 103 104
3 137 138 104
3 138 104 105
3 138 139 105
3 139 105 106
3 139 140 106
3 140 106 107
3 140 141 107
3 141 107 108
3 141 142 108
3 142 108 109
3 142 143 109
3 143 109 110
3 143 144 110
3 144 110 111
3 144 145 111
3 145 111 112
3 145 146 112
3 146 112 113
3 146 147 113
3 147 113 114
3 147 148 114
3 148 114 115
3 148 149 115
3 149 115 116
3 149 150 116
3 150 116 117
3 150 151 117
3 151 117 118
3 151 152 118
3 152 118 119
3 152 153 119
3 153 119 120
3 153 154 120
3 154 120 121
3 154 155 121
3 155 121 122
3 155 156 122
3 156 122 123
3 156 157 123
3 157 123 124
3 157 158 124
3 158 124 125
3 158 159 125
3 159 125 126
3 159 160 126
3 160 126 127
3 160 161 127
3 161 127 128
3 161 162 128
3 162 128 129
3 162 163 129
3 163 129 130
3 163 164 130
3 164 130 131
3 99 100 66
3 100 66 67
3 100 101 67
3 101 67 68
3 101 102 68
3 102 68 69
3 102 103 69
3 103 69 70
3 103 104 70
3 104 70 71
3 104 105 71
3 105 71 72
3 105 106 72
3 106 72 73
3 106 107 73
3 107 73 74
3 107 108 74
3 108 74 75
3 108 109 75
3 109 75 76
3 109 110 76
3 110 76 77
3 110 111 77
3 111 77 78
3 111 112 78
3 112 78 79
3 112 113 79
3 113 79 80
3 113 114 80
3 114 80 81
3 114 115 81
3 115 81 82
3 115 116 82
3 116 82 83
3 116 117 83
3 117 83 84
3 117 118 84
3 118 84 85
3 118 119 85
3 119 85 86
3 119 120 86
3 120 86 87
3 120 121 87
3 121 87 88
3 121 122 88
3 122 88 89
3 122 123 89
3 123 89 90
3 123 124 90
3 124 90 91
3 124 125 91
3 125 91 92
3 125 126 92
3 126 92 93
3 126 127 93
3 127 93 94
3 127 128 94
3 128 94 95
3 128 129 95
3 129 95 96
3 129 130 96
3 130 96 97
3 130 131 97
3 131 97 98
3 66 67 33
3 67 33 34
3 67 68 34
3 68 34 35
3 68 69 35
3 69 35 36
3 69 70 36
3 70 36 37
3 70 71 37
3 71 37 38
3 71 72 38
3 72 38 39
3 72 73 39
3 73 39 40
3 73 74 40
3 74 40 41
3 74 75 41
3 75 41 42
3 75 76 42
3 76 42 43
3 76 77 43
3 77 43 44
3 77 78 44
3 78 44 45
3 78 79 45
3 79 45 46
3 79 80 46
3 80 46 47
3 80 81 47
3 81 47 48
3 81 82 48
3 82 48 49
3 82 83 49
3 83 49 50
3 83 84 50
3 84 50 51
3 84 85 51
3 85 51 52
3 85 86 52
3 86 52 53
3 86 87 53
3 87 53 54
3 87 88 54
3 88 54 55
3 88 89 55
3 89 55 56
3 89 90 56
3 90 56 57
3 90 91 57
3 91 57 58
3 91 92 58
3 92 58 59
3 92 93 59
3 93 59 60
3 93 94 60
3 94 60 61
3 94 95 61
3 95 61 62
3 95 96 62
3 96 62 63
3 96 97 63
3 97 63 64
3 97 98 64
3 98 64 65
3 33 34 0
3 34 0 1
3 34 35 1
3 35 1 2
3 35 36 2
3 36 2 3
3 36 37 3
3 37 3 4
3 37 38 4
3 38 4 5
3 38 39 5
3 39 5 6
3 39 40 6
3 40 6 7
3 40 41 7
3 41 7 8
3 41 42 8
3 42 8 9
3 42 43 9
3 43 9 10
3 43 44 10
3 44 10 11
3 44 45 11
3 45 11 12
3 45 46 12
3 46 12 13
3 46 47 13
3 47 13 14
3 47 48 14
3 48 14 15
3 48 49 15
3 49 15 16
3 49 50 16
3 50 16 17
3 50 51 17
3 51 17 18
3 51 52 18
3 52 18 19
3 52 53 19
3 53 19 20
3 53 54 20
3 54 20 21
3 54 55 21
3 55 21 22
3 55 56 22
3 56 22 23
3 56 57 23
3 57 23 24
3 57 58 24
3 58 24 25
3 58 59 25
3 59 25 26
3 59 60 26
3 60 26 27
3 60 61 27
3 61 27 28
3 61 62 28
3 62 28 29
3 62 63 29
3 63 29 30
3 63 64 30
3 64 30 31
3 64 65 31
3 65 31 32
